%Cpu(s): 41.7 us, 27.8 sy,  0.0 ni,  0.0 id,  0.0 wa,  0.0 hi, 30.6 si,  0.0 st
%Cpu(s): 43.3 us, 26.6 sy,  0.0 ni,  1.5 id,  0.0 wa,  0.0 hi, 28.6 si,  0.0 st
%Cpu(s): 43.8 us, 27.6 sy,  0.0 ni,  0.5 id,  0.0 wa,  0.0 hi, 28.1 si,  0.0 st
%Cpu(s): 43.6 us, 28.2 sy,  0.0 ni,  2.5 id,  0.0 wa,  0.0 hi, 25.7 si,  0.0 st
%Cpu(s): 41.8 us, 27.9 sy,  0.0 ni,  3.0 id,  0.0 wa,  0.0 hi, 27.4 si,  0.0 st
%Cpu(s): 42.1 us, 26.7 sy,  0.0 ni,  2.5 id,  0.0 wa,  0.0 hi, 28.7 si,  0.0 st
%Cpu(s): 43.4 us, 28.8 sy,  0.0 ni,  2.0 id,  0.0 wa,  0.0 hi, 25.9 si,  0.0 st
%Cpu(s): 44.1 us, 28.7 sy,  0.0 ni,  0.5 id,  0.0 wa,  0.0 hi, 26.7 si,  0.0 st
%Cpu(s): 42.6 us, 28.4 sy,  0.0 ni,  0.5 id,  0.0 wa,  0.0 hi, 28.4 si,  0.0 st
%Cpu(s): 41.1 us, 27.2 sy,  0.0 ni,  2.5 id,  0.0 wa,  0.0 hi, 29.2 si,  0.0 st
%Cpu(s): 44.6 us, 26.5 sy,  0.0 ni,  0.0 id,  0.0 wa,  0.0 hi, 28.9 si,  0.0 st
%Cpu(s): 44.1 us, 26.5 sy,  0.0 ni,  2.5 id,  0.0 wa,  0.0 hi, 27.0 si,  0.0 st
%Cpu(s): 40.8 us, 27.9 sy,  0.0 ni,  4.0 id,  0.0 wa,  0.0 hi, 27.4 si,  0.0 st
%Cpu(s): 42.1 us, 29.2 sy,  0.0 ni,  2.5 id,  0.0 wa,  0.0 hi, 26.2 si,  0.0 st
%Cpu(s): 42.4 us, 28.6 sy,  0.0 ni,  0.0 id,  0.0 wa,  0.0 hi, 29.1 si,  0.0 st
%Cpu(s): 44.3 us, 27.6 sy,  0.0 ni,  0.0 id,  0.0 wa,  0.0 hi, 28.1 si,  0.0 st
%Cpu(s): 44.4 us, 27.8 sy,  0.0 ni,  0.5 id,  0.0 wa,  0.0 hi, 27.3 si,  0.0 st
%Cpu(s): 44.6 us, 27.5 sy,  0.0 ni,  1.0 id,  0.0 wa,  0.0 hi, 27.0 si,  0.0 st
%Cpu(s): 42.5 us, 30.5 sy,  0.0 ni,  2.5 id,  0.0 wa,  0.0 hi, 24.5 si,  0.0 st
%Cpu(s): 46.0 us, 29.0 sy,  0.0 ni,  3.0 id,  0.0 wa,  0.0 hi, 22.0 si,  0.0 st
%Cpu(s): 44.1 us, 27.7 sy,  0.0 ni,  0.5 id,  0.0 wa,  0.0 hi, 27.7 si,  0.0 st
%Cpu(s): 41.7 us, 28.4 sy,  0.0 ni,  1.0 id,  0.0 wa,  0.0 hi, 28.9 si,  0.0 st
%Cpu(s): 44.8 us, 27.1 sy,  0.0 ni,  0.0 id,  0.0 wa,  0.0 hi, 28.1 si,  0.0 st
%Cpu(s): 41.2 us, 27.9 sy,  0.0 ni,  1.0 id,  0.0 wa,  0.0 hi, 29.9 si,  0.0 st
%Cpu(s): 40.2 us, 30.4 sy,  0.0 ni,  1.0 id,  0.0 wa,  0.0 hi, 28.4 si,  0.0 st
%Cpu(s): 42.4 us, 28.6 sy,  0.0 ni,  0.5 id,  0.0 wa,  0.0 hi, 28.6 si,  0.0 st
%Cpu(s): 42.4 us, 29.1 sy,  0.0 ni,  0.0 id,  0.0 wa,  0.0 hi, 28.6 si,  0.0 st
%Cpu(s): 43.2 us, 29.6 sy,  0.0 ni,  0.5 id,  0.0 wa,  0.0 hi, 26.7 si,  0.0 st
%Cpu(s): 42.2 us, 27.0 sy,  0.0 ni,  0.5 id,  0.0 wa,  0.0 hi, 30.4 si,  0.0 st
%Cpu(s): 40.9 us, 29.6 sy,  0.0 ni,  1.0 id,  0.0 wa,  0.0 hi, 28.6 si,  0.0 st
%Cpu(s): 44.1 us, 27.9 sy,  0.0 ni,  0.0 id,  0.0 wa,  0.0 hi, 27.9 si,  0.0 st
%Cpu(s): 40.9 us, 30.0 sy,  0.0 ni,  1.0 id,  0.0 wa,  0.0 hi, 28.1 si,  0.0 st
%Cpu(s): 43.3 us, 27.6 sy,  0.0 ni,  1.0 id,  0.0 wa,  0.0 hi, 28.1 si,  0.0 st
%Cpu(s): 45.5 us, 26.7 sy,  0.0 ni,  2.0 id,  0.0 wa,  0.0 hi, 25.7 si,  0.0 st
%Cpu(s): 42.6 us, 28.7 sy,  0.0 ni,  1.0 id,  0.0 wa,  0.0 hi, 27.7 si,  0.0 st
%Cpu(s): 44.8 us, 25.6 sy,  0.0 ni,  2.0 id,  0.0 wa,  0.0 hi, 27.6 si,  0.0 st
%Cpu(s): 43.8 us, 28.6 sy,  0.0 ni,  0.5 id,  0.0 wa,  0.0 hi, 27.1 si,  0.0 st
%Cpu(s): 41.7 us, 27.0 sy,  0.0 ni,  2.0 id,  0.0 wa,  0.0 hi, 29.4 si,  0.0 st
%Cpu(s): 42.0 us, 29.0 sy,  0.0 ni,  2.0 id,  0.0 wa,  0.0 hi, 27.0 si,  0.0 st
%Cpu(s): 41.4 us, 27.6 sy,  0.0 ni,  3.0 id,  0.0 wa,  0.0 hi, 28.1 si,  0.0 st
%Cpu(s): 44.3 us, 26.9 sy,  0.0 ni,  1.5 id,  0.0 wa,  0.0 hi, 27.4 si,  0.0 st
%Cpu(s): 42.4 us, 26.1 sy,  0.0 ni,  3.4 id,  0.0 wa,  0.0 hi, 28.1 si,  0.0 st
%Cpu(s): 44.1 us, 27.7 sy,  0.0 ni,  1.0 id,  0.0 wa,  0.0 hi, 27.2 si,  0.0 st
%Cpu(s): 44.3 us, 26.6 sy,  0.0 ni,  2.5 id,  0.0 wa,  0.0 hi, 26.6 si,  0.0 st
%Cpu(s): 43.3 us, 28.4 sy,  0.0 ni,  2.5 id,  0.0 wa,  0.0 hi, 25.9 si,  0.0 st
%Cpu(s): 40.4 us, 29.1 sy,  0.0 ni,  2.0 id,  0.0 wa,  0.0 hi, 28.6 si,  0.0 st
%Cpu(s): 43.8 us, 28.4 sy,  0.0 ni,  2.0 id,  0.0 wa,  0.0 hi, 25.9 si,  0.0 st
%Cpu(s): 42.6 us, 28.9 sy,  0.0 ni,  1.0 id,  0.0 wa,  0.0 hi, 27.5 si,  0.0 st
%Cpu(s): 45.1 us, 27.9 sy,  0.0 ni,  0.5 id,  0.0 wa,  0.0 hi, 26.5 si,  0.0 st
%Cpu(s): 41.1 us, 30.2 sy,  0.0 ni,  0.0 id,  0.0 wa,  0.0 hi, 28.7 si,  0.0 st
%Cpu(s): 43.9 us, 28.8 sy,  0.0 ni,  1.0 id,  0.0 wa,  0.0 hi, 26.3 si,  0.0 st
%Cpu(s):  5.0 us,  3.5 sy,  0.0 ni, 89.6 id,  0.0 wa,  0.0 hi,  2.0 si,  0.0 st
%Cpu(s):  0.5 us,  0.5 sy,  0.0 ni, 99.0 id,  0.0 wa,  0.0 hi,  0.0 si,  0.0 st
%Cpu(s):  0.5 us,  0.5 sy,  0.0 ni, 99.0 id,  0.0 wa,  0.0 hi,  0.0 si,  0.0 st
%Cpu(s):  1.0 us,  0.5 sy,  0.0 ni, 98.5 id,  0.0 wa,  0.0 hi,  0.0 si,  0.0 st
%Cpu(s):  1.0 us,  1.0 sy,  0.0 ni, 98.0 id,  0.0 wa,  0.0 hi,  0.0 si,  0.0 st
%Cpu(s):  2.5 us,  0.5 sy,  0.0 ni, 97.0 id,  0.0 wa,  0.0 hi,  0.0 si,  0.0 st
%Cpu(s):  1.0 us,  0.5 sy,  0.0 ni, 98.5 id,  0.0 wa,  0.0 hi,  0.0 si,  0.0 st
%Cpu(s):  5.0 us,  5.5 sy,  0.0 ni, 89.0 id,  0.0 wa,  0.0 hi,  0.5 si,  0.0 st
%Cpu(s):  1.0 us,  0.5 sy,  0.0 ni, 98.5 id,  0.0 wa,  0.0 hi,  0.0 si,  0.0 st
%Cpu(s):  1.0 us,  1.0 sy,  0.0 ni, 98.0 id,  0.0 wa,  0.0 hi,  0.0 si,  0.0 st
%Cpu(s):  0.5 us,  0.5 sy,  0.0 ni, 99.0 id,  0.0 wa,  0.0 hi,  0.0 si,  0.0 st
%Cpu(s):  3.0 us,  1.0 sy,  0.0 ni, 96.0 id,  0.0 wa,  0.0 hi,  0.0 si,  0.0 st
