%Cpu(s): 47.7 us, 16.9 sy,  0.0 ni,  3.1 id,  0.0 wa,  0.0 hi, 32.3 si,  0.0 st
%Cpu(s): 48.8 us, 17.7 sy,  0.0 ni,  3.0 id,  0.0 wa,  0.0 hi, 30.5 si,  0.0 st
%Cpu(s): 45.5 us, 16.8 sy,  0.0 ni,  3.5 id,  0.0 wa,  0.0 hi, 34.2 si,  0.0 st
%Cpu(s): 47.0 us, 15.3 sy,  0.0 ni,  3.0 id,  0.0 wa,  0.0 hi, 34.7 si,  0.0 st
%Cpu(s): 47.5 us, 15.5 sy,  0.0 ni,  2.5 id,  0.0 wa,  0.0 hi, 34.5 si,  0.0 st
%Cpu(s): 47.8 us, 16.3 sy,  0.0 ni,  2.0 id,  0.0 wa,  0.0 hi, 34.0 si,  0.0 st
%Cpu(s): 48.0 us, 17.3 sy,  0.0 ni,  3.0 id,  0.0 wa,  0.0 hi, 31.7 si,  0.0 st
%Cpu(s): 50.5 us, 16.3 sy,  0.0 ni,  2.0 id,  0.0 wa,  0.0 hi, 31.2 si,  0.0 st
%Cpu(s): 45.6 us, 18.1 sy,  0.0 ni,  3.4 id,  0.0 wa,  0.0 hi, 32.8 si,  0.0 st
%Cpu(s): 48.3 us, 17.4 sy,  0.0 ni,  3.5 id,  0.0 wa,  0.0 hi, 30.8 si,  0.0 st
%Cpu(s): 47.8 us, 17.9 sy,  0.0 ni,  3.0 id,  0.0 wa,  0.0 hi, 31.3 si,  0.0 st
%Cpu(s): 46.3 us, 18.2 sy,  0.0 ni,  2.5 id,  0.0 wa,  0.0 hi, 33.0 si,  0.0 st
%Cpu(s): 46.8 us, 17.7 sy,  0.0 ni,  2.0 id,  0.0 wa,  0.0 hi, 33.5 si,  0.0 st
%Cpu(s): 48.8 us, 15.9 sy,  0.0 ni,  3.5 id,  0.0 wa,  0.0 hi, 31.8 si,  0.0 st
%Cpu(s): 47.3 us, 16.6 sy,  0.0 ni,  3.4 id,  0.0 wa,  0.0 hi, 32.7 si,  0.0 st
%Cpu(s): 47.5 us, 15.0 sy,  0.0 ni,  3.0 id,  0.0 wa,  0.0 hi, 34.5 si,  0.0 st
%Cpu(s): 47.0 us, 17.3 sy,  0.0 ni,  2.5 id,  0.0 wa,  0.0 hi, 33.2 si,  0.0 st
%Cpu(s): 47.0 us, 16.0 sy,  0.0 ni,  4.0 id,  0.0 wa,  0.0 hi, 33.0 si,  0.0 st
%Cpu(s): 46.5 us, 17.3 sy,  0.0 ni,  3.0 id,  0.0 wa,  0.0 hi, 33.2 si,  0.0 st
%Cpu(s): 48.3 us, 16.3 sy,  0.0 ni,  2.5 id,  0.0 wa,  0.0 hi, 33.0 si,  0.0 st
%Cpu(s): 47.0 us, 16.8 sy,  0.0 ni,  2.5 id,  0.0 wa,  0.0 hi, 33.7 si,  0.0 st
%Cpu(s): 47.8 us, 16.3 sy,  0.0 ni,  3.0 id,  0.0 wa,  0.0 hi, 33.0 si,  0.0 st
%Cpu(s): 45.8 us, 16.9 sy,  0.0 ni,  2.5 id,  0.0 wa,  0.0 hi, 34.8 si,  0.0 st
%Cpu(s): 46.5 us, 18.8 sy,  0.0 ni,  2.0 id,  0.0 wa,  0.0 hi, 32.7 si,  0.0 st
%Cpu(s): 46.3 us, 17.6 sy,  0.0 ni,  2.0 id,  0.0 wa,  0.0 hi, 34.1 si,  0.0 st
%Cpu(s): 47.0 us, 16.5 sy,  0.0 ni,  3.0 id,  0.0 wa,  0.0 hi, 33.5 si,  0.0 st
%Cpu(s): 47.8 us, 16.9 sy,  0.0 ni,  3.0 id,  0.0 wa,  0.0 hi, 32.3 si,  0.0 st
%Cpu(s): 49.0 us, 15.7 sy,  0.0 ni,  3.0 id,  0.0 wa,  0.0 hi, 32.3 si,  0.0 st
%Cpu(s): 46.0 us, 15.3 sy,  0.0 ni,  3.0 id,  0.0 wa,  0.0 hi, 35.6 si,  0.0 st
%Cpu(s): 44.3 us, 17.2 sy,  0.0 ni,  4.4 id,  0.0 wa,  0.0 hi, 34.0 si,  0.0 st
%Cpu(s): 49.0 us, 16.8 sy,  0.0 ni,  3.0 id,  0.0 wa,  0.0 hi, 31.2 si,  0.0 st
%Cpu(s): 48.8 us, 17.2 sy,  0.0 ni,  3.0 id,  0.0 wa,  0.0 hi, 31.0 si,  0.0 st
%Cpu(s): 47.5 us, 15.8 sy,  0.0 ni,  4.0 id,  0.0 wa,  0.0 hi, 32.7 si,  0.0 st
%Cpu(s): 47.8 us, 14.9 sy,  0.0 ni,  5.5 id,  0.0 wa,  0.0 hi, 31.8 si,  0.0 st
%Cpu(s): 50.3 us, 15.6 sy,  0.0 ni,  3.0 id,  0.0 wa,  0.0 hi, 31.2 si,  0.0 st
%Cpu(s): 47.8 us, 14.9 sy,  0.0 ni,  2.5 id,  0.0 wa,  0.0 hi, 34.8 si,  0.0 st
%Cpu(s): 46.8 us, 16.7 sy,  0.0 ni,  3.0 id,  0.0 wa,  0.0 hi, 33.5 si,  0.0 st
%Cpu(s): 49.5 us, 16.2 sy,  0.0 ni,  2.9 id,  0.0 wa,  0.0 hi, 31.4 si,  0.0 st
%Cpu(s): 48.0 us, 15.7 sy,  0.0 ni,  3.4 id,  0.0 wa,  0.0 hi, 32.8 si,  0.0 st
%Cpu(s): 47.5 us, 16.5 sy,  0.0 ni,  3.0 id,  0.0 wa,  0.0 hi, 33.0 si,  0.0 st
%Cpu(s): 47.8 us, 16.1 sy,  0.0 ni,  2.9 id,  0.0 wa,  0.0 hi, 33.2 si,  0.0 st
%Cpu(s): 45.0 us, 17.5 sy,  0.0 ni,  3.0 id,  0.0 wa,  0.0 hi, 34.5 si,  0.0 st
%Cpu(s): 50.0 us, 14.9 sy,  0.0 ni,  1.5 id,  0.0 wa,  0.0 hi, 33.7 si,  0.0 st
%Cpu(s): 49.0 us, 16.2 sy,  0.0 ni,  2.0 id,  0.0 wa,  0.0 hi, 32.8 si,  0.0 st
%Cpu(s): 47.3 us, 16.7 sy,  0.0 ni,  3.0 id,  0.0 wa,  0.0 hi, 33.0 si,  0.0 st
%Cpu(s): 48.8 us, 15.9 sy,  0.0 ni,  2.5 id,  0.0 wa,  0.0 hi, 32.8 si,  0.0 st
%Cpu(s): 48.3 us, 15.8 sy,  0.0 ni,  1.5 id,  0.0 wa,  0.0 hi, 34.5 si,  0.0 st
%Cpu(s): 47.8 us, 17.2 sy,  0.0 ni,  2.5 id,  0.0 wa,  0.0 hi, 32.5 si,  0.0 st
%Cpu(s): 48.5 us, 15.7 sy,  0.0 ni,  2.0 id,  0.0 wa,  0.0 hi, 33.8 si,  0.0 st
%Cpu(s): 46.5 us, 16.0 sy,  0.0 ni,  3.0 id,  0.0 wa,  0.0 hi, 34.5 si,  0.0 st
%Cpu(s): 39.3 us, 14.9 sy,  0.0 ni, 17.9 id,  0.0 wa,  0.0 hi, 27.9 si,  0.0 st
%Cpu(s):  3.5 us,  3.0 sy,  0.0 ni, 93.5 id,  0.0 wa,  0.0 hi,  0.0 si,  0.0 st
%Cpu(s):  0.5 us,  0.5 sy,  0.0 ni, 99.0 id,  0.0 wa,  0.0 hi,  0.0 si,  0.0 st
%Cpu(s):  2.5 us,  2.0 sy,  0.0 ni, 95.0 id,  0.0 wa,  0.0 hi,  0.5 si,  0.0 st
%Cpu(s):  0.5 us,  0.0 sy,  0.0 ni, 99.5 id,  0.0 wa,  0.0 hi,  0.0 si,  0.0 st
%Cpu(s):  1.0 us,  0.5 sy,  0.0 ni, 98.5 id,  0.0 wa,  0.0 hi,  0.0 si,  0.0 st
%Cpu(s):  1.0 us,  1.5 sy,  0.0 ni, 97.0 id,  0.0 wa,  0.0 hi,  0.5 si,  0.0 st
%Cpu(s):  0.5 us,  0.5 sy,  0.0 ni, 99.0 id,  0.0 wa,  0.0 hi,  0.0 si,  0.0 st
%Cpu(s):  0.5 us,  0.5 sy,  0.0 ni, 99.0 id,  0.0 wa,  0.0 hi,  0.0 si,  0.0 st
%Cpu(s):  0.5 us,  0.5 sy,  0.0 ni, 99.0 id,  0.0 wa,  0.0 hi,  0.0 si,  0.0 st
%Cpu(s):  2.5 us,  1.0 sy,  0.0 ni, 96.5 id,  0.0 wa,  0.0 hi,  0.0 si,  0.0 st
%Cpu(s):  4.0 us,  0.5 sy,  0.0 ni, 95.0 id,  0.0 wa,  0.0 hi,  0.5 si,  0.0 st
