%Cpu(s): 42.3 us, 26.8 sy,  0.0 ni,  1.4 id,  0.0 wa,  0.0 hi, 29.6 si,  0.0 st
%Cpu(s): 47.1 us, 25.5 sy,  0.0 ni,  0.5 id,  0.0 wa,  0.0 hi, 27.0 si,  0.0 st
%Cpu(s): 43.8 us, 26.0 sy,  0.0 ni,  2.4 id,  0.0 wa,  0.0 hi, 27.9 si,  0.0 st
%Cpu(s): 42.4 us, 26.1 sy,  0.0 ni,  2.5 id,  0.0 wa,  0.0 hi, 29.1 si,  0.0 st
%Cpu(s): 42.2 us, 27.5 sy,  0.0 ni,  2.9 id,  0.0 wa,  0.0 hi, 27.5 si,  0.0 st
%Cpu(s): 47.1 us, 29.9 sy,  0.0 ni,  1.5 id,  0.0 wa,  0.0 hi, 21.6 si,  0.0 st
%Cpu(s): 44.1 us, 26.7 sy,  0.0 ni,  3.0 id,  0.0 wa,  0.0 hi, 26.2 si,  0.0 st
%Cpu(s): 43.1 us, 29.4 sy,  0.0 ni,  1.0 id,  0.0 wa,  0.0 hi, 26.5 si,  0.0 st
%Cpu(s): 43.9 us, 25.9 sy,  0.0 ni,  0.0 id,  0.0 wa,  0.0 hi, 30.2 si,  0.0 st
%Cpu(s): 43.1 us, 26.5 sy,  0.0 ni,  0.5 id,  0.0 wa,  0.0 hi, 29.9 si,  0.0 st
%Cpu(s): 43.9 us, 26.3 sy,  0.0 ni,  0.0 id,  0.0 wa,  0.0 hi, 29.8 si,  0.0 st
%Cpu(s): 46.9 us, 27.3 sy,  0.0 ni,  0.0 id,  0.0 wa,  0.0 hi, 25.8 si,  0.0 st
%Cpu(s): 45.1 us, 29.9 sy,  0.0 ni,  0.0 id,  0.0 wa,  0.0 hi, 25.0 si,  0.0 st
%Cpu(s): 43.7 us, 27.2 sy,  0.0 ni,  0.5 id,  0.0 wa,  0.0 hi, 28.6 si,  0.0 st
%Cpu(s): 45.7 us, 26.4 sy,  0.0 ni,  0.0 id,  0.0 wa,  0.0 hi, 27.9 si,  0.0 st
%Cpu(s): 46.7 us, 27.1 sy,  0.0 ni,  0.5 id,  0.0 wa,  0.0 hi, 25.7 si,  0.0 st
%Cpu(s): 44.6 us, 27.9 sy,  0.0 ni,  0.0 id,  0.0 wa,  0.0 hi, 27.5 si,  0.0 st
%Cpu(s): 42.0 us, 29.5 sy,  0.0 ni,  0.0 id,  0.0 wa,  0.0 hi, 28.5 si,  0.0 st
%Cpu(s): 42.9 us, 28.3 sy,  0.0 ni,  0.5 id,  0.0 wa,  0.0 hi, 28.3 si,  0.0 st
%Cpu(s): 43.1 us, 28.4 sy,  0.0 ni,  0.5 id,  0.0 wa,  0.0 hi, 27.9 si,  0.0 st
%Cpu(s): 45.6 us, 26.5 sy,  0.0 ni,  0.5 id,  0.0 wa,  0.0 hi, 27.5 si,  0.0 st
%Cpu(s): 42.9 us, 28.8 sy,  0.0 ni,  0.5 id,  0.0 wa,  0.0 hi, 27.8 si,  0.0 st
%Cpu(s): 44.3 us, 26.6 sy,  0.0 ni,  1.5 id,  0.0 wa,  0.0 hi, 27.6 si,  0.0 st
%Cpu(s): 43.5 us, 28.0 sy,  0.0 ni,  0.5 id,  0.0 wa,  0.0 hi, 28.0 si,  0.0 st
%Cpu(s): 43.9 us, 27.3 sy,  0.0 ni,  1.5 id,  0.0 wa,  0.0 hi, 27.3 si,  0.0 st
%Cpu(s): 43.4 us, 27.3 sy,  0.0 ni,  0.0 id,  0.0 wa,  0.0 hi, 29.3 si,  0.0 st
%Cpu(s): 45.4 us, 26.3 sy,  0.0 ni,  1.0 id,  0.0 wa,  0.0 hi, 27.3 si,  0.0 st
%Cpu(s): 44.1 us, 28.4 sy,  0.0 ni,  1.0 id,  0.0 wa,  0.0 hi, 26.5 si,  0.0 st
%Cpu(s): 44.3 us, 27.1 sy,  0.0 ni,  1.0 id,  0.0 wa,  0.0 hi, 27.6 si,  0.0 st
%Cpu(s): 43.8 us, 26.1 sy,  0.0 ni,  2.5 id,  0.0 wa,  0.0 hi, 27.6 si,  0.0 st
%Cpu(s): 42.2 us, 28.6 sy,  0.0 ni,  1.9 id,  0.0 wa,  0.0 hi, 27.2 si,  0.0 st
%Cpu(s): 46.5 us, 25.7 sy,  0.0 ni,  2.0 id,  0.0 wa,  0.0 hi, 25.7 si,  0.0 st
%Cpu(s): 42.0 us, 27.8 sy,  0.0 ni,  2.9 id,  0.0 wa,  0.0 hi, 27.3 si,  0.0 st
%Cpu(s): 43.1 us, 27.0 sy,  0.0 ni,  2.0 id,  0.0 wa,  0.0 hi, 27.9 si,  0.0 st
%Cpu(s): 43.3 us, 27.1 sy,  0.0 ni,  3.0 id,  0.0 wa,  0.0 hi, 26.6 si,  0.0 st
%Cpu(s): 44.4 us, 27.8 sy,  0.0 ni,  3.4 id,  0.0 wa,  0.0 hi, 24.4 si,  0.0 st
%Cpu(s): 42.6 us, 26.7 sy,  0.0 ni,  3.0 id,  0.0 wa,  0.0 hi, 27.7 si,  0.0 st
%Cpu(s): 45.8 us, 26.1 sy,  0.0 ni,  2.5 id,  0.0 wa,  0.0 hi, 25.6 si,  0.0 st
%Cpu(s): 47.1 us, 27.9 sy,  0.0 ni,  0.5 id,  0.0 wa,  0.0 hi, 24.5 si,  0.0 st
%Cpu(s): 46.1 us, 25.0 sy,  0.0 ni,  0.5 id,  0.0 wa,  0.0 hi, 28.4 si,  0.0 st
%Cpu(s): 45.9 us, 26.3 sy,  0.0 ni,  0.0 id,  0.0 wa,  0.0 hi, 27.8 si,  0.0 st
%Cpu(s): 43.2 us, 26.7 sy,  0.0 ni,  0.5 id,  0.0 wa,  0.0 hi, 29.6 si,  0.0 st
%Cpu(s): 29.8 us, 16.1 sy,  0.0 ni, 35.6 id,  0.0 wa,  0.0 hi, 18.5 si,  0.0 st
%Cpu(s):  1.0 us,  0.5 sy,  0.0 ni, 98.5 id,  0.0 wa,  0.0 hi,  0.0 si,  0.0 st
%Cpu(s):  1.5 us,  1.0 sy,  0.0 ni, 97.5 id,  0.0 wa,  0.0 hi,  0.0 si,  0.0 st
%Cpu(s):  1.5 us,  1.0 sy,  0.0 ni, 97.5 id,  0.0 wa,  0.0 hi,  0.0 si,  0.0 st
%Cpu(s):  0.5 us,  0.5 sy,  0.0 ni, 99.0 id,  0.0 wa,  0.0 hi,  0.0 si,  0.0 st
%Cpu(s):  1.5 us,  1.0 sy,  0.0 ni, 97.5 id,  0.0 wa,  0.0 hi,  0.0 si,  0.0 st
%Cpu(s):  3.5 us,  1.5 sy,  0.0 ni, 94.5 id,  0.0 wa,  0.0 hi,  0.5 si,  0.0 st
%Cpu(s):  2.0 us,  1.5 sy,  0.0 ni, 96.6 id,  0.0 wa,  0.0 hi,  0.0 si,  0.0 st
%Cpu(s):  1.0 us,  0.5 sy,  0.0 ni, 98.5 id,  0.0 wa,  0.0 hi,  0.0 si,  0.0 st
%Cpu(s):  7.5 us,  8.5 sy,  0.0 ni, 83.4 id,  0.0 wa,  0.0 hi,  0.5 si,  0.0 st
%Cpu(s):  1.0 us,  1.0 sy,  0.0 ni, 98.0 id,  0.0 wa,  0.0 hi,  0.0 si,  0.0 st
%Cpu(s):  1.5 us,  1.0 sy,  0.0 ni, 97.5 id,  0.0 wa,  0.0 hi,  0.0 si,  0.0 st
%Cpu(s):  4.0 us,  1.0 sy,  0.0 ni, 95.0 id,  0.0 wa,  0.0 hi,  0.0 si,  0.0 st
%Cpu(s):  1.5 us,  0.5 sy,  0.0 ni, 97.5 id,  0.0 wa,  0.0 hi,  0.5 si,  0.0 st
%Cpu(s):  1.0 us,  0.5 sy,  0.0 ni, 98.5 id,  0.0 wa,  0.0 hi,  0.0 si,  0.0 st
%Cpu(s):  0.5 us,  0.5 sy,  0.0 ni, 99.0 id,  0.0 wa,  0.0 hi,  0.0 si,  0.0 st
%Cpu(s):  7.6 us,  6.1 sy,  0.0 ni, 86.3 id,  0.0 wa,  0.0 hi,  0.0 si,  0.0 st
%Cpu(s):  4.9 us,  1.5 sy,  0.0 ni, 93.1 id,  0.0 wa,  0.0 hi,  0.5 si,  0.0 st
%Cpu(s):  2.5 us,  0.5 sy,  0.0 ni, 97.0 id,  0.0 wa,  0.0 hi,  0.0 si,  0.0 st
%Cpu(s):  3.9 us,  1.0 sy,  0.0 ni, 95.1 id,  0.0 wa,  0.0 hi,  0.0 si,  0.0 st
%Cpu(s):  3.4 us,  0.5 sy,  0.0 ni, 96.1 id,  0.0 wa,  0.0 hi,  0.0 si,  0.0 st
%Cpu(s):  6.0 us,  1.0 sy,  0.0 ni, 93.0 id,  0.0 wa,  0.0 hi,  0.0 si,  0.0 st
%Cpu(s):  3.9 us,  1.0 sy,  0.0 ni, 95.1 id,  0.0 wa,  0.0 hi,  0.0 si,  0.0 st
%Cpu(s):  3.9 us,  2.0 sy,  0.0 ni, 93.6 id,  0.0 wa,  0.0 hi,  0.5 si,  0.0 st
%Cpu(s):  3.0 us,  1.5 sy,  0.0 ni, 95.5 id,  0.0 wa,  0.0 hi,  0.0 si,  0.0 st
