%Cpu(s): 44.1 us, 26.5 sy,  0.0 ni,  1.5 id,  0.0 wa,  0.0 hi, 27.9 si,  0.0 st
%Cpu(s): 46.8 us, 23.9 sy,  0.0 ni,  1.0 id,  0.0 wa,  0.0 hi, 28.4 si,  0.0 st
%Cpu(s): 45.6 us, 21.1 sy,  0.0 ni,  2.0 id,  0.0 wa,  0.0 hi, 31.4 si,  0.0 st
%Cpu(s): 44.1 us, 22.3 sy,  0.0 ni,  1.0 id,  0.0 wa,  0.0 hi, 32.7 si,  0.0 st
%Cpu(s): 42.6 us, 24.0 sy,  0.0 ni,  3.4 id,  0.0 wa,  0.0 hi, 29.9 si,  0.0 st
%Cpu(s): 44.8 us, 21.7 sy,  0.0 ni,  1.0 id,  0.0 wa,  0.0 hi, 32.5 si,  0.0 st
%Cpu(s): 45.3 us, 20.2 sy,  0.0 ni,  2.5 id,  0.0 wa,  0.0 hi, 32.0 si,  0.0 st
%Cpu(s): 45.0 us, 20.8 sy,  0.0 ni,  1.5 id,  0.0 wa,  0.0 hi, 32.7 si,  0.0 st
%Cpu(s): 42.4 us, 21.2 sy,  0.0 ni,  2.0 id,  0.0 wa,  0.0 hi, 34.5 si,  0.0 st
%Cpu(s): 43.8 us, 22.4 sy,  0.0 ni,  1.0 id,  0.0 wa,  0.0 hi, 32.8 si,  0.0 st
%Cpu(s): 44.1 us, 23.3 sy,  0.0 ni,  3.0 id,  0.0 wa,  0.0 hi, 29.7 si,  0.0 st
%Cpu(s): 43.1 us, 23.3 sy,  0.0 ni,  4.5 id,  0.0 wa,  0.0 hi, 29.2 si,  0.0 st
%Cpu(s): 46.0 us, 20.3 sy,  0.0 ni,  4.0 id,  0.0 wa,  0.0 hi, 29.7 si,  0.0 st
%Cpu(s): 44.0 us, 21.0 sy,  0.0 ni,  4.0 id,  0.0 wa,  0.0 hi, 31.0 si,  0.0 st
%Cpu(s): 43.8 us, 22.4 sy,  0.0 ni,  4.0 id,  0.0 wa,  0.0 hi, 29.9 si,  0.0 st
%Cpu(s): 43.8 us, 22.7 sy,  0.0 ni,  4.4 id,  0.0 wa,  0.0 hi, 29.1 si,  0.0 st
%Cpu(s): 46.8 us, 21.4 sy,  0.0 ni,  4.0 id,  0.0 wa,  0.0 hi, 27.9 si,  0.0 st
%Cpu(s): 45.3 us, 22.9 sy,  0.0 ni,  2.0 id,  0.0 wa,  0.0 hi, 29.9 si,  0.0 st
%Cpu(s): 46.5 us, 22.3 sy,  0.0 ni,  3.5 id,  0.0 wa,  0.0 hi, 27.7 si,  0.0 st
%Cpu(s): 44.1 us, 22.8 sy,  0.0 ni,  3.0 id,  0.0 wa,  0.0 hi, 30.2 si,  0.0 st
%Cpu(s): 45.0 us, 21.5 sy,  0.0 ni,  4.0 id,  0.0 wa,  0.0 hi, 29.5 si,  0.0 st
%Cpu(s): 46.8 us, 22.9 sy,  0.0 ni,  4.5 id,  0.0 wa,  0.0 hi, 25.9 si,  0.0 st
%Cpu(s): 42.6 us, 22.3 sy,  0.0 ni,  4.5 id,  0.0 wa,  0.0 hi, 30.7 si,  0.0 st
%Cpu(s): 44.5 us, 22.0 sy,  0.0 ni,  4.5 id,  0.0 wa,  0.0 hi, 29.0 si,  0.0 st
%Cpu(s): 45.6 us, 20.6 sy,  0.0 ni,  2.0 id,  0.0 wa,  0.0 hi, 31.9 si,  0.0 st
%Cpu(s): 45.2 us, 20.6 sy,  0.0 ni,  1.5 id,  0.0 wa,  0.0 hi, 32.7 si,  0.0 st
%Cpu(s): 42.6 us, 21.8 sy,  0.0 ni,  2.0 id,  0.0 wa,  0.0 hi, 33.7 si,  0.0 st
%Cpu(s): 43.8 us, 22.2 sy,  0.0 ni,  1.5 id,  0.0 wa,  0.0 hi, 32.5 si,  0.0 st
%Cpu(s): 44.1 us, 22.3 sy,  0.0 ni,  2.0 id,  0.0 wa,  0.0 hi, 31.7 si,  0.0 st
%Cpu(s): 45.8 us, 20.9 sy,  0.0 ni,  4.0 id,  0.0 wa,  0.0 hi, 29.4 si,  0.0 st
%Cpu(s): 43.8 us, 21.7 sy,  0.0 ni,  2.0 id,  0.0 wa,  0.0 hi, 32.5 si,  0.0 st
%Cpu(s): 45.6 us, 22.5 sy,  0.0 ni,  1.5 id,  0.0 wa,  0.0 hi, 30.4 si,  0.0 st
%Cpu(s): 45.0 us, 21.3 sy,  0.0 ni,  1.5 id,  0.0 wa,  0.0 hi, 32.2 si,  0.0 st
%Cpu(s): 45.3 us, 22.2 sy,  0.0 ni,  2.5 id,  0.0 wa,  0.0 hi, 30.0 si,  0.0 st
%Cpu(s): 45.0 us, 22.5 sy,  0.0 ni,  2.0 id,  0.0 wa,  0.0 hi, 30.5 si,  0.0 st
%Cpu(s): 44.6 us, 24.0 sy,  0.0 ni,  2.5 id,  0.0 wa,  0.0 hi, 28.9 si,  0.0 st
%Cpu(s): 45.6 us, 25.7 sy,  0.0 ni,  1.5 id,  0.0 wa,  0.0 hi, 27.2 si,  0.0 st
%Cpu(s): 44.9 us, 23.2 sy,  0.0 ni,  1.9 id,  0.0 wa,  0.0 hi, 30.0 si,  0.0 st
%Cpu(s): 44.3 us, 23.4 sy,  0.0 ni,  2.0 id,  0.0 wa,  0.0 hi, 30.3 si,  0.0 st
%Cpu(s): 45.6 us, 21.6 sy,  0.0 ni,  2.5 id,  0.0 wa,  0.0 hi, 30.4 si,  0.0 st
%Cpu(s): 42.9 us, 23.2 sy,  0.0 ni,  2.0 id,  0.0 wa,  0.0 hi, 32.0 si,  0.0 st
%Cpu(s): 46.8 us, 22.4 sy,  0.0 ni,  2.0 id,  0.0 wa,  0.0 hi, 28.9 si,  0.0 st
%Cpu(s): 45.5 us, 22.3 sy,  0.0 ni,  2.0 id,  0.0 wa,  0.0 hi, 30.2 si,  0.0 st
%Cpu(s): 46.0 us, 22.3 sy,  0.0 ni,  1.5 id,  0.0 wa,  0.0 hi, 30.2 si,  0.0 st
%Cpu(s): 45.6 us, 22.1 sy,  0.0 ni,  1.0 id,  0.0 wa,  0.0 hi, 31.4 si,  0.0 st
%Cpu(s): 44.8 us, 21.7 sy,  0.0 ni,  4.4 id,  0.0 wa,  0.0 hi, 29.1 si,  0.0 st
%Cpu(s): 46.1 us, 22.1 sy,  0.0 ni,  1.5 id,  0.0 wa,  0.0 hi, 30.4 si,  0.0 st
%Cpu(s): 45.7 us, 20.1 sy,  0.0 ni,  4.5 id,  0.0 wa,  0.0 hi, 29.6 si,  0.0 st
%Cpu(s): 45.5 us, 22.0 sy,  0.0 ni,  4.0 id,  0.0 wa,  0.0 hi, 28.5 si,  0.0 st
%Cpu(s): 43.8 us, 20.4 sy,  0.0 ni,  6.5 id,  0.0 wa,  0.0 hi, 29.4 si,  0.0 st
%Cpu(s): 47.5 us, 19.5 sy,  0.0 ni,  4.5 id,  0.0 wa,  0.0 hi, 28.5 si,  0.0 st
%Cpu(s): 28.0 us, 12.5 sy,  0.0 ni, 42.0 id,  0.0 wa,  0.0 hi, 17.5 si,  0.0 st
%Cpu(s):  3.4 us,  1.0 sy,  0.0 ni, 95.6 id,  0.0 wa,  0.0 hi,  0.0 si,  0.0 st
%Cpu(s):  3.5 us,  0.5 sy,  0.0 ni, 95.5 id,  0.0 wa,  0.0 hi,  0.5 si,  0.0 st
%Cpu(s):  5.0 us,  1.0 sy,  0.0 ni, 94.1 id,  0.0 wa,  0.0 hi,  0.0 si,  0.0 st
%Cpu(s):  5.0 us,  1.5 sy,  0.0 ni, 93.5 id,  0.0 wa,  0.0 hi,  0.0 si,  0.0 st
%Cpu(s):  2.5 us,  1.0 sy,  0.0 ni, 96.5 id,  0.0 wa,  0.0 hi,  0.0 si,  0.0 st
%Cpu(s):  1.5 us,  0.5 sy,  0.0 ni, 98.0 id,  0.0 wa,  0.0 hi,  0.0 si,  0.0 st
%Cpu(s):  3.4 us,  1.0 sy,  0.0 ni, 95.6 id,  0.0 wa,  0.0 hi,  0.0 si,  0.0 st
%Cpu(s):  1.5 us,  1.5 sy,  0.0 ni, 96.5 id,  0.0 wa,  0.0 hi,  0.5 si,  0.0 st
%Cpu(s):  1.0 us,  0.5 sy,  0.0 ni, 98.5 id,  0.0 wa,  0.0 hi,  0.0 si,  0.0 st
%Cpu(s):  4.5 us,  3.5 sy,  0.0 ni, 92.0 id,  0.0 wa,  0.0 hi,  0.0 si,  0.0 st
%Cpu(s):  1.0 us,  1.0 sy,  0.0 ni, 98.0 id,  0.0 wa,  0.0 hi,  0.0 si,  0.0 st
%Cpu(s):  0.5 us,  1.0 sy,  0.0 ni, 98.5 id,  0.0 wa,  0.0 hi,  0.0 si,  0.0 st
%Cpu(s):  1.0 us,  0.5 sy,  0.0 ni, 98.0 id,  0.0 wa,  0.0 hi,  0.5 si,  0.0 st
