%Cpu(s): 46.7 us, 26.7 sy,  0.0 ni,  1.3 id,  0.0 wa,  0.0 hi, 25.3 si,  0.0 st
%Cpu(s): 45.5 us, 28.2 sy,  0.0 ni,  0.5 id,  0.0 wa,  0.0 hi, 25.7 si,  0.0 st
%Cpu(s): 44.6 us, 25.5 sy,  0.0 ni,  0.5 id,  0.0 wa,  0.0 hi, 29.4 si,  0.0 st
%Cpu(s): 46.3 us, 26.1 sy,  0.0 ni,  1.5 id,  0.0 wa,  0.0 hi, 26.1 si,  0.0 st
%Cpu(s): 46.3 us, 26.1 sy,  0.0 ni,  1.0 id,  0.0 wa,  0.0 hi, 26.6 si,  0.0 st
%Cpu(s): 46.9 us, 26.1 sy,  0.0 ni,  0.0 id,  0.0 wa,  0.0 hi, 27.1 si,  0.0 st
%Cpu(s): 44.1 us, 26.2 sy,  0.0 ni,  0.5 id,  0.0 wa,  0.0 hi, 29.2 si,  0.0 st
%Cpu(s): 44.7 us, 26.2 sy,  0.0 ni,  0.5 id,  0.0 wa,  0.0 hi, 28.6 si,  0.0 st
%Cpu(s): 44.1 us, 23.8 sy,  0.0 ni,  0.0 id,  0.0 wa,  0.0 hi, 32.2 si,  0.0 st
%Cpu(s): 43.4 us, 25.9 sy,  0.0 ni,  2.0 id,  0.0 wa,  0.0 hi, 28.8 si,  0.0 st
%Cpu(s): 46.1 us, 27.5 sy,  0.0 ni,  3.4 id,  0.0 wa,  0.0 hi, 23.0 si,  0.0 st
%Cpu(s): 41.5 us, 27.0 sy,  0.0 ni,  4.0 id,  0.0 wa,  0.0 hi, 27.5 si,  0.0 st
%Cpu(s): 44.7 us, 24.3 sy,  0.0 ni,  3.4 id,  0.0 wa,  0.0 hi, 27.7 si,  0.0 st
%Cpu(s): 44.3 us, 26.1 sy,  0.0 ni,  2.0 id,  0.0 wa,  0.0 hi, 27.6 si,  0.0 st
%Cpu(s): 45.5 us, 29.7 sy,  0.0 ni,  2.5 id,  0.0 wa,  0.0 hi, 22.3 si,  0.0 st
%Cpu(s): 49.3 us, 24.1 sy,  0.0 ni,  2.0 id,  0.0 wa,  0.0 hi, 24.6 si,  0.0 st
%Cpu(s): 43.3 us, 24.6 sy,  0.0 ni,  2.5 id,  0.0 wa,  0.0 hi, 29.6 si,  0.0 st
%Cpu(s): 43.6 us, 27.9 sy,  0.0 ni,  1.5 id,  0.0 wa,  0.0 hi, 27.0 si,  0.0 st
%Cpu(s): 42.6 us, 27.2 sy,  0.0 ni,  4.5 id,  0.0 wa,  0.0 hi, 25.7 si,  0.0 st
%Cpu(s): 44.3 us, 26.6 sy,  0.0 ni,  4.4 id,  0.0 wa,  0.0 hi, 24.6 si,  0.0 st
%Cpu(s): 40.8 us, 26.4 sy,  0.0 ni,  2.5 id,  0.0 wa,  0.0 hi, 30.3 si,  0.0 st
%Cpu(s): 44.7 us, 25.2 sy,  0.0 ni,  0.5 id,  0.0 wa,  0.0 hi, 29.6 si,  0.0 st
%Cpu(s): 44.6 us, 27.0 sy,  0.0 ni,  1.5 id,  0.0 wa,  0.0 hi, 27.0 si,  0.0 st
%Cpu(s): 47.7 us, 25.7 sy,  0.0 ni,  0.5 id,  0.0 wa,  0.0 hi, 26.2 si,  0.0 st
%Cpu(s): 47.8 us, 27.8 sy,  0.0 ni,  0.5 id,  0.0 wa,  0.0 hi, 23.9 si,  0.0 st
%Cpu(s): 45.2 us, 28.1 sy,  0.0 ni,  0.5 id,  0.0 wa,  0.0 hi, 26.2 si,  0.0 st
%Cpu(s): 45.9 us, 26.3 sy,  0.0 ni,  1.0 id,  0.0 wa,  0.0 hi, 26.8 si,  0.0 st
%Cpu(s): 44.6 us, 27.5 sy,  0.0 ni,  0.0 id,  0.0 wa,  0.0 hi, 27.9 si,  0.0 st
%Cpu(s): 44.8 us, 26.7 sy,  0.0 ni,  1.4 id,  0.0 wa,  0.0 hi, 27.1 si,  0.0 st
%Cpu(s): 43.2 us, 26.7 sy,  0.0 ni,  0.5 id,  0.0 wa,  0.0 hi, 29.6 si,  0.0 st
%Cpu(s): 48.5 us, 26.2 sy,  0.0 ni,  1.0 id,  0.0 wa,  0.0 hi, 24.3 si,  0.0 st
%Cpu(s): 45.9 us, 25.4 sy,  0.0 ni,  0.0 id,  0.0 wa,  0.0 hi, 28.8 si,  0.0 st
%Cpu(s): 45.3 us, 27.1 sy,  0.0 ni,  1.0 id,  0.0 wa,  0.0 hi, 26.6 si,  0.0 st
%Cpu(s): 43.5 us, 26.8 sy,  0.0 ni,  2.4 id,  0.0 wa,  0.0 hi, 27.3 si,  0.0 st
%Cpu(s): 45.6 us, 29.1 sy,  0.0 ni,  1.0 id,  0.0 wa,  0.0 hi, 24.3 si,  0.0 st
%Cpu(s): 43.1 us, 27.0 sy,  0.0 ni,  1.0 id,  0.0 wa,  0.0 hi, 28.9 si,  0.0 st
%Cpu(s): 43.8 us, 27.1 sy,  0.0 ni,  0.5 id,  0.0 wa,  0.0 hi, 28.6 si,  0.0 st
%Cpu(s): 42.6 us, 26.5 sy,  0.0 ni,  1.5 id,  0.0 wa,  0.0 hi, 29.4 si,  0.0 st
%Cpu(s): 45.1 us, 26.7 sy,  0.0 ni,  1.0 id,  0.0 wa,  0.0 hi, 27.2 si,  0.0 st
%Cpu(s): 43.8 us, 25.1 sy,  0.0 ni,  0.5 id,  0.0 wa,  0.0 hi, 30.5 si,  0.0 st
%Cpu(s): 44.1 us, 27.5 sy,  0.0 ni,  0.0 id,  0.0 wa,  0.0 hi, 28.4 si,  0.0 st
%Cpu(s): 43.9 us, 24.9 sy,  0.0 ni,  0.0 id,  0.0 wa,  0.0 hi, 31.2 si,  0.0 st
%Cpu(s):  3.9 us,  1.5 sy,  0.0 ni, 94.1 id,  0.0 wa,  0.0 hi,  0.5 si,  0.0 st
%Cpu(s):  4.0 us,  1.5 sy,  0.0 ni, 94.5 id,  0.0 wa,  0.0 hi,  0.0 si,  0.0 st
%Cpu(s):  3.4 us,  0.5 sy,  0.0 ni, 96.1 id,  0.0 wa,  0.0 hi,  0.0 si,  0.0 st
%Cpu(s):  3.0 us,  0.5 sy,  0.0 ni, 96.5 id,  0.0 wa,  0.0 hi,  0.0 si,  0.0 st
%Cpu(s):  3.4 us,  0.5 sy,  0.0 ni, 95.6 id,  0.0 wa,  0.0 hi,  0.5 si,  0.0 st
%Cpu(s):  3.9 us,  1.0 sy,  0.0 ni, 95.1 id,  0.0 wa,  0.0 hi,  0.0 si,  0.0 st
%Cpu(s):  4.0 us,  0.5 sy,  0.0 ni, 95.5 id,  0.0 wa,  0.0 hi,  0.0 si,  0.0 st
%Cpu(s):  5.9 us,  2.0 sy,  0.0 ni, 92.1 id,  0.0 wa,  0.0 hi,  0.0 si,  0.0 st
%Cpu(s):  3.9 us,  1.0 sy,  0.0 ni, 95.1 id,  0.0 wa,  0.0 hi,  0.0 si,  0.0 st
%Cpu(s):  2.0 us,  1.0 sy,  0.0 ni, 97.0 id,  0.0 wa,  0.0 hi,  0.0 si,  0.0 st
%Cpu(s):  2.0 us,  0.5 sy,  0.0 ni, 97.0 id,  0.0 wa,  0.0 hi,  0.5 si,  0.0 st
%Cpu(s):  2.0 us,  1.0 sy,  0.0 ni, 97.0 id,  0.0 wa,  0.0 hi,  0.0 si,  0.0 st
%Cpu(s):  8.5 us,  6.5 sy,  0.0 ni, 84.4 id,  0.0 wa,  0.0 hi,  0.5 si,  0.0 st
%Cpu(s):  3.0 us,  0.5 sy,  0.0 ni, 96.5 id,  0.0 wa,  0.0 hi,  0.0 si,  0.0 st
%Cpu(s):  1.0 us,  0.5 sy,  0.0 ni, 98.5 id,  0.0 wa,  0.0 hi,  0.0 si,  0.0 st
%Cpu(s):  4.0 us,  2.0 sy,  0.0 ni, 94.1 id,  0.0 wa,  0.0 hi,  0.0 si,  0.0 st
%Cpu(s):  2.0 us,  1.0 sy,  0.0 ni, 97.0 id,  0.0 wa,  0.0 hi,  0.0 si,  0.0 st
%Cpu(s):  1.0 us,  1.0 sy,  0.0 ni, 98.0 id,  0.0 wa,  0.0 hi,  0.0 si,  0.0 st
%Cpu(s):  1.0 us,  0.5 sy,  0.0 ni, 98.5 id,  0.0 wa,  0.0 hi,  0.0 si,  0.0 st
%Cpu(s):  1.0 us,  1.0 sy,  0.0 ni, 98.0 id,  0.0 wa,  0.0 hi,  0.0 si,  0.0 st
%Cpu(s):  3.5 us,  0.5 sy,  0.0 ni, 95.5 id,  0.0 wa,  0.0 hi,  0.5 si,  0.0 st
%Cpu(s):  2.0 us,  1.5 sy,  0.0 ni, 96.5 id,  0.0 wa,  0.0 hi,  0.0 si,  0.0 st
