%Cpu(s): 40.6 us, 10.9 sy,  0.0 ni, 35.9 id,  0.0 wa,  0.0 hi, 12.5 si,  0.0 st
%Cpu(s): 40.1 us,  8.4 sy,  0.0 ni, 40.6 id,  0.0 wa,  0.0 hi, 10.9 si,  0.0 st
%Cpu(s): 43.8 us,  9.0 sy,  0.0 ni, 37.3 id,  0.0 wa,  0.0 hi, 10.0 si,  0.0 st
%Cpu(s): 41.2 us,  8.8 sy,  0.0 ni, 37.7 id,  0.0 wa,  0.0 hi, 12.3 si,  0.0 st
%Cpu(s): 41.9 us,  9.4 sy,  0.0 ni, 38.4 id,  0.0 wa,  0.0 hi, 10.3 si,  0.0 st
%Cpu(s): 42.8 us,  8.5 sy,  0.0 ni, 37.8 id,  0.0 wa,  0.0 hi, 10.9 si,  0.0 st
%Cpu(s): 44.1 us,  8.4 sy,  0.0 ni, 37.6 id,  0.0 wa,  0.0 hi,  9.9 si,  0.0 st
%Cpu(s): 42.6 us,  8.9 sy,  0.0 ni, 39.1 id,  0.0 wa,  0.0 hi,  9.4 si,  0.0 st
%Cpu(s): 41.2 us,  8.8 sy,  0.0 ni, 39.2 id,  0.0 wa,  0.0 hi, 10.8 si,  0.0 st
%Cpu(s): 39.6 us,  8.4 sy,  0.0 ni, 41.6 id,  0.0 wa,  0.0 hi, 10.4 si,  0.0 st
%Cpu(s): 43.4 us, 11.2 sy,  0.0 ni, 35.6 id,  0.0 wa,  0.0 hi,  9.8 si,  0.0 st
%Cpu(s): 40.1 us,  7.9 sy,  0.0 ni, 42.1 id,  0.0 wa,  0.0 hi,  9.9 si,  0.0 st
%Cpu(s): 42.2 us,  8.8 sy,  0.0 ni, 38.7 id,  0.0 wa,  0.0 hi, 10.3 si,  0.0 st
%Cpu(s): 40.1 us, 10.9 sy,  0.0 ni, 39.6 id,  0.0 wa,  0.0 hi,  9.4 si,  0.0 st
%Cpu(s): 39.5 us, 10.5 sy,  0.0 ni, 40.5 id,  0.0 wa,  0.0 hi,  9.5 si,  0.0 st
%Cpu(s): 40.9 us,  9.4 sy,  0.0 ni, 39.4 id,  0.0 wa,  0.0 hi, 10.3 si,  0.0 st
%Cpu(s): 38.5 us,  8.5 sy,  0.0 ni, 41.5 id,  0.0 wa,  0.0 hi, 11.5 si,  0.0 st
%Cpu(s): 39.9 us,  8.9 sy,  0.0 ni, 40.4 id,  0.0 wa,  0.0 hi, 10.8 si,  0.0 st
%Cpu(s): 40.2 us,  9.3 sy,  0.0 ni, 39.7 id,  0.0 wa,  0.0 hi, 10.8 si,  0.0 st
%Cpu(s): 41.2 us, 10.3 sy,  0.0 ni, 37.7 id,  0.0 wa,  0.0 hi, 10.8 si,  0.0 st
%Cpu(s): 42.5 us,  8.7 sy,  0.0 ni, 37.7 id,  0.0 wa,  0.0 hi, 11.1 si,  0.0 st
%Cpu(s): 39.6 us,  8.4 sy,  0.0 ni, 40.1 id,  0.0 wa,  0.0 hi, 11.9 si,  0.0 st
%Cpu(s): 39.9 us,  9.9 sy,  0.0 ni, 39.9 id,  0.0 wa,  0.0 hi, 10.3 si,  0.0 st
%Cpu(s): 42.9 us,  9.8 sy,  0.0 ni, 38.0 id,  0.0 wa,  0.0 hi,  9.3 si,  0.0 st
%Cpu(s): 42.5 us, 10.0 sy,  0.0 ni, 38.5 id,  0.0 wa,  0.0 hi,  9.0 si,  0.0 st
%Cpu(s): 39.9 us,  9.4 sy,  0.0 ni, 38.9 id,  0.0 wa,  0.0 hi, 11.8 si,  0.0 st
%Cpu(s): 38.8 us,  8.5 sy,  0.0 ni, 42.3 id,  0.0 wa,  0.0 hi, 10.4 si,  0.0 st
%Cpu(s): 38.3 us,  9.2 sy,  0.0 ni, 41.3 id,  0.0 wa,  0.0 hi, 11.2 si,  0.0 st
%Cpu(s): 42.4 us,  9.4 sy,  0.0 ni, 39.4 id,  0.0 wa,  0.0 hi,  8.9 si,  0.0 st
%Cpu(s): 39.5 us,  8.8 sy,  0.0 ni, 40.5 id,  0.0 wa,  0.0 hi, 11.2 si,  0.0 st
%Cpu(s): 41.7 us, 11.1 sy,  0.0 ni, 38.2 id,  0.0 wa,  0.0 hi,  9.0 si,  0.0 st
%Cpu(s): 38.7 us,  9.5 sy,  0.0 ni, 41.2 id,  0.0 wa,  0.0 hi, 10.6 si,  0.0 st
%Cpu(s): 39.4 us,  8.9 sy,  0.0 ni, 41.4 id,  0.0 wa,  0.0 hi, 10.3 si,  0.0 st
%Cpu(s): 42.2 us,  9.7 sy,  0.0 ni, 37.9 id,  0.0 wa,  0.0 hi, 10.2 si,  0.0 st
%Cpu(s): 41.4 us,  9.9 sy,  0.0 ni, 37.9 id,  0.0 wa,  0.0 hi, 10.8 si,  0.0 st
%Cpu(s): 41.9 us,  9.4 sy,  0.0 ni, 38.4 id,  0.0 wa,  0.0 hi, 10.3 si,  0.0 st
%Cpu(s): 40.7 us,  8.0 sy,  0.0 ni, 39.7 id,  0.0 wa,  0.0 hi, 11.6 si,  0.0 st
%Cpu(s): 43.3 us, 10.0 sy,  0.0 ni, 36.3 id,  0.0 wa,  0.0 hi, 10.4 si,  0.0 st
%Cpu(s): 42.6 us,  9.4 sy,  0.0 ni, 38.6 id,  0.0 wa,  0.0 hi,  9.4 si,  0.0 st
%Cpu(s): 45.0 us,  9.9 sy,  0.0 ni, 36.1 id,  0.0 wa,  0.0 hi,  8.9 si,  0.0 st
%Cpu(s): 41.2 us,  8.5 sy,  0.0 ni, 41.2 id,  0.0 wa,  0.0 hi,  9.0 si,  0.0 st
%Cpu(s): 40.8 us,  8.5 sy,  0.0 ni, 39.8 id,  0.0 wa,  0.0 hi, 10.9 si,  0.0 st
%Cpu(s): 41.5 us,  8.8 sy,  0.0 ni, 39.0 id,  0.0 wa,  0.0 hi, 10.7 si,  0.0 st
%Cpu(s): 41.9 us,  9.1 sy,  0.0 ni, 39.9 id,  0.0 wa,  0.0 hi,  9.1 si,  0.0 st
%Cpu(s): 41.1 us, 10.4 sy,  0.0 ni, 37.1 id,  0.0 wa,  0.0 hi, 11.4 si,  0.0 st
%Cpu(s): 38.5 us,  9.5 sy,  0.0 ni, 42.0 id,  0.0 wa,  0.0 hi, 10.0 si,  0.0 st
%Cpu(s): 39.4 us,  9.9 sy,  0.0 ni, 40.9 id,  0.0 wa,  0.0 hi,  9.9 si,  0.0 st
%Cpu(s): 40.1 us,  9.4 sy,  0.0 ni, 39.6 id,  0.0 wa,  0.0 hi, 10.9 si,  0.0 st
%Cpu(s): 39.9 us,  9.9 sy,  0.0 ni, 39.4 id,  0.0 wa,  0.0 hi, 10.8 si,  0.0 st
%Cpu(s): 38.4 us,  9.9 sy,  0.0 ni, 42.4 id,  0.0 wa,  0.0 hi,  9.4 si,  0.0 st
%Cpu(s): 44.0 us, 10.5 sy,  0.0 ni, 35.0 id,  0.0 wa,  0.0 hi, 10.5 si,  0.0 st
%Cpu(s): 31.2 us,  7.0 sy,  0.0 ni, 53.3 id,  0.0 wa,  0.0 hi,  8.5 si,  0.0 st
%Cpu(s):  0.0 us,  1.0 sy,  0.0 ni, 98.0 id,  1.0 wa,  0.0 hi,  0.0 si,  0.0 st
%Cpu(s):  0.5 us,  0.5 sy,  0.0 ni, 99.0 id,  0.0 wa,  0.0 hi,  0.0 si,  0.0 st
%Cpu(s):  1.0 us,  0.0 sy,  0.0 ni, 99.0 id,  0.0 wa,  0.0 hi,  0.0 si,  0.0 st
%Cpu(s):  0.5 us,  1.0 sy,  0.0 ni, 98.0 id,  0.0 wa,  0.0 hi,  0.5 si,  0.0 st
%Cpu(s):  0.5 us,  0.0 sy,  0.0 ni, 99.5 id,  0.0 wa,  0.0 hi,  0.0 si,  0.0 st
%Cpu(s):  3.0 us,  1.5 sy,  0.0 ni, 95.5 id,  0.0 wa,  0.0 hi,  0.0 si,  0.0 st
%Cpu(s):  0.5 us,  0.5 sy,  0.0 ni, 99.0 id,  0.0 wa,  0.0 hi,  0.0 si,  0.0 st
%Cpu(s):  1.5 us,  2.0 sy,  0.0 ni, 96.5 id,  0.0 wa,  0.0 hi,  0.0 si,  0.0 st
%Cpu(s):  0.5 us,  0.5 sy,  0.0 ni, 98.5 id,  0.0 wa,  0.0 hi,  0.5 si,  0.0 st
%Cpu(s):  1.0 us,  0.5 sy,  0.0 ni, 98.5 id,  0.0 wa,  0.0 hi,  0.0 si,  0.0 st
%Cpu(s):  1.0 us,  0.5 sy,  0.0 ni, 98.5 id,  0.0 wa,  0.0 hi,  0.0 si,  0.0 st
