%Cpu(s): 43.5 us, 31.9 sy,  0.0 ni,  0.0 id,  0.0 wa,  0.0 hi, 24.6 si,  0.0 st
%Cpu(s): 42.2 us, 30.4 sy,  0.0 ni,  1.5 id,  0.0 wa,  0.0 hi, 26.0 si,  0.0 st
%Cpu(s): 44.1 us, 28.4 sy,  0.0 ni,  1.5 id,  0.0 wa,  0.0 hi, 26.0 si,  0.0 st
%Cpu(s): 43.1 us, 29.4 sy,  0.0 ni,  0.5 id,  0.0 wa,  0.0 hi, 27.0 si,  0.0 st
%Cpu(s): 38.7 us, 32.4 sy,  0.0 ni,  2.0 id,  0.0 wa,  0.0 hi, 27.0 si,  0.0 st
%Cpu(s): 41.6 us, 27.7 sy,  0.0 ni,  3.5 id,  0.0 wa,  0.0 hi, 27.2 si,  0.0 st
%Cpu(s): 42.5 us, 31.4 sy,  0.0 ni,  1.4 id,  0.0 wa,  0.0 hi, 24.6 si,  0.0 st
%Cpu(s): 42.9 us, 31.4 sy,  0.0 ni,  1.4 id,  0.0 wa,  0.0 hi, 24.3 si,  0.0 st
%Cpu(s): 41.5 us, 32.4 sy,  0.0 ni,  0.5 id,  0.0 wa,  0.0 hi, 25.6 si,  0.0 st
%Cpu(s): 42.7 us, 31.1 sy,  0.0 ni,  0.5 id,  0.0 wa,  0.0 hi, 25.7 si,  0.0 st
%Cpu(s): 41.0 us, 32.7 sy,  0.0 ni,  0.0 id,  0.0 wa,  0.0 hi, 26.3 si,  0.0 st
%Cpu(s): 44.2 us, 30.6 sy,  0.0 ni,  0.0 id,  0.0 wa,  0.0 hi, 25.2 si,  0.0 st
%Cpu(s): 42.7 us, 29.6 sy,  0.0 ni,  0.5 id,  0.0 wa,  0.0 hi, 27.2 si,  0.0 st
%Cpu(s): 40.3 us, 34.0 sy,  0.0 ni,  0.0 id,  0.0 wa,  0.0 hi, 25.7 si,  0.0 st
%Cpu(s): 41.5 us, 31.9 sy,  0.0 ni,  0.5 id,  0.0 wa,  0.0 hi, 26.1 si,  0.0 st
%Cpu(s): 43.7 us, 29.6 sy,  0.0 ni,  0.0 id,  0.0 wa,  0.0 hi, 26.7 si,  0.0 st
%Cpu(s): 42.2 us, 30.9 sy,  0.0 ni,  0.0 id,  0.0 wa,  0.0 hi, 27.0 si,  0.0 st
%Cpu(s): 39.7 us, 32.4 sy,  0.0 ni,  0.0 id,  0.0 wa,  0.0 hi, 27.9 si,  0.0 st
%Cpu(s): 41.3 us, 31.1 sy,  0.0 ni,  0.5 id,  0.0 wa,  0.0 hi, 27.2 si,  0.0 st
%Cpu(s): 43.1 us, 31.6 sy,  0.0 ni,  0.5 id,  0.0 wa,  0.0 hi, 24.9 si,  0.0 st
%Cpu(s): 42.4 us, 31.4 sy,  0.0 ni,  1.4 id,  0.0 wa,  0.0 hi, 24.8 si,  0.0 st
%Cpu(s): 41.1 us, 31.1 sy,  0.0 ni,  1.4 id,  0.0 wa,  0.0 hi, 26.3 si,  0.0 st
%Cpu(s): 41.2 us, 32.4 sy,  0.0 ni,  0.5 id,  0.0 wa,  0.0 hi, 26.0 si,  0.0 st
%Cpu(s): 38.8 us, 33.0 sy,  0.0 ni,  0.5 id,  0.0 wa,  0.0 hi, 27.7 si,  0.0 st
%Cpu(s): 40.5 us, 30.2 sy,  0.0 ni,  0.5 id,  0.0 wa,  0.0 hi, 28.8 si,  0.0 st
%Cpu(s): 39.6 us, 32.7 sy,  0.0 ni,  0.5 id,  0.0 wa,  0.0 hi, 27.2 si,  0.0 st
%Cpu(s): 39.9 us, 34.6 sy,  0.0 ni,  0.0 id,  0.0 wa,  0.0 hi, 25.5 si,  0.0 st
%Cpu(s): 44.6 us, 28.7 sy,  0.0 ni,  2.5 id,  0.0 wa,  0.0 hi, 24.3 si,  0.0 st
%Cpu(s): 41.2 us, 30.4 sy,  0.0 ni,  2.5 id,  0.0 wa,  0.0 hi, 26.0 si,  0.0 st
%Cpu(s): 42.3 us, 31.2 sy,  0.0 ni,  1.0 id,  0.0 wa,  0.0 hi, 25.5 si,  0.0 st
%Cpu(s): 45.1 us, 29.4 sy,  0.0 ni,  1.0 id,  0.0 wa,  0.0 hi, 24.5 si,  0.0 st
%Cpu(s): 43.1 us, 31.7 sy,  0.0 ni,  2.0 id,  0.0 wa,  0.0 hi, 23.3 si,  0.0 st
%Cpu(s): 41.9 us, 30.5 sy,  0.0 ni,  1.5 id,  0.0 wa,  0.0 hi, 26.1 si,  0.0 st
%Cpu(s): 44.7 us, 30.8 sy,  0.0 ni,  1.0 id,  0.0 wa,  0.0 hi, 23.6 si,  0.0 st
%Cpu(s): 41.0 us, 30.2 sy,  0.0 ni,  1.5 id,  0.0 wa,  0.0 hi, 27.3 si,  0.0 st
%Cpu(s): 48.8 us, 31.2 sy,  0.0 ni,  1.0 id,  0.0 wa,  0.0 hi, 19.0 si,  0.0 st
%Cpu(s): 42.5 us, 30.9 sy,  0.0 ni,  0.0 id,  0.0 wa,  0.0 hi, 26.6 si,  0.0 st
%Cpu(s): 40.2 us, 31.4 sy,  0.0 ni,  1.5 id,  0.0 wa,  0.0 hi, 27.0 si,  0.0 st
%Cpu(s): 41.2 us, 30.4 sy,  0.0 ni,  0.5 id,  0.0 wa,  0.0 hi, 27.9 si,  0.0 st
%Cpu(s): 42.3 us, 31.7 sy,  0.0 ni,  0.5 id,  0.0 wa,  0.0 hi, 25.5 si,  0.0 st
%Cpu(s): 42.4 us, 31.2 sy,  0.0 ni,  0.0 id,  0.0 wa,  0.0 hi, 26.3 si,  0.0 st
%Cpu(s): 42.9 us, 32.2 sy,  0.0 ni,  0.0 id,  0.0 wa,  0.0 hi, 24.9 si,  0.0 st
%Cpu(s): 42.5 us, 32.4 sy,  0.0 ni,  0.5 id,  0.0 wa,  0.0 hi, 24.6 si,  0.0 st
%Cpu(s): 39.5 us, 32.7 sy,  0.0 ni,  0.0 id,  0.0 wa,  0.0 hi, 27.8 si,  0.0 st
%Cpu(s): 42.2 us, 29.6 sy,  0.0 ni,  1.0 id,  0.0 wa,  0.0 hi, 27.2 si,  0.0 st
%Cpu(s): 43.4 us, 31.7 sy,  0.0 ni,  0.0 id,  0.0 wa,  0.0 hi, 24.9 si,  0.0 st
%Cpu(s): 41.1 us, 30.9 sy,  0.0 ni,  0.5 id,  0.0 wa,  0.0 hi, 27.5 si,  0.0 st
%Cpu(s): 41.5 us, 31.9 sy,  0.0 ni,  0.5 id,  0.0 wa,  0.0 hi, 26.1 si,  0.0 st
%Cpu(s): 40.5 us, 30.7 sy,  0.0 ni,  0.0 id,  0.0 wa,  0.0 hi, 28.8 si,  0.0 st
%Cpu(s): 39.8 us, 31.6 sy,  0.0 ni,  0.0 id,  0.0 wa,  0.0 hi, 28.6 si,  0.0 st
%Cpu(s):  5.0 us,  2.0 sy,  0.0 ni, 91.6 id,  0.0 wa,  0.0 hi,  1.5 si,  0.0 st
%Cpu(s):  3.0 us,  1.5 sy,  0.0 ni, 95.0 id,  0.0 wa,  0.0 hi,  0.5 si,  0.0 st
%Cpu(s):  2.0 us,  1.0 sy,  0.0 ni, 96.6 id,  0.0 wa,  0.0 hi,  0.5 si,  0.0 st
%Cpu(s):  7.4 us,  7.9 sy,  0.0 ni, 84.7 id,  0.0 wa,  0.0 hi,  0.0 si,  0.0 st
%Cpu(s):  0.5 us,  0.5 sy,  0.0 ni, 99.0 id,  0.0 wa,  0.0 hi,  0.0 si,  0.0 st
%Cpu(s):  4.4 us,  0.5 sy,  0.0 ni, 94.6 id,  0.0 wa,  0.0 hi,  0.5 si,  0.0 st
%Cpu(s):  1.0 us,  1.0 sy,  0.0 ni, 98.0 id,  0.0 wa,  0.0 hi,  0.0 si,  0.0 st
%Cpu(s):  1.0 us,  1.0 sy,  0.0 ni, 98.0 id,  0.0 wa,  0.0 hi,  0.0 si,  0.0 st
%Cpu(s):  0.5 us,  1.0 sy,  0.0 ni, 98.5 id,  0.0 wa,  0.0 hi,  0.0 si,  0.0 st
%Cpu(s):  3.0 us,  1.0 sy,  0.0 ni, 96.0 id,  0.0 wa,  0.0 hi,  0.0 si,  0.0 st
%Cpu(s):  4.0 us,  1.5 sy,  0.0 ni, 94.5 id,  0.0 wa,  0.0 hi,  0.0 si,  0.0 st
%Cpu(s):  4.4 us,  1.0 sy,  0.0 ni, 93.7 id,  0.5 wa,  0.0 hi,  0.5 si,  0.0 st
