%Cpu(s): 43.7 us, 22.5 sy,  0.0 ni,  1.4 id,  0.0 wa,  0.0 hi, 32.4 si,  0.0 st
%Cpu(s): 43.8 us, 23.6 sy,  0.0 ni,  1.0 id,  0.0 wa,  0.0 hi, 31.5 si,  0.0 st
%Cpu(s): 44.1 us, 24.3 sy,  0.0 ni,  4.0 id,  0.0 wa,  0.0 hi, 27.7 si,  0.0 st
%Cpu(s): 43.8 us, 23.9 sy,  0.0 ni,  5.0 id,  0.0 wa,  0.0 hi, 27.4 si,  0.0 st
%Cpu(s): 46.3 us, 21.2 sy,  0.0 ni,  0.5 id,  0.0 wa,  0.0 hi, 32.0 si,  0.0 st
%Cpu(s): 46.8 us, 23.4 sy,  0.0 ni,  1.5 id,  0.0 wa,  0.0 hi, 28.3 si,  0.0 st
%Cpu(s): 46.3 us, 23.2 sy,  0.0 ni,  0.5 id,  0.0 wa,  0.0 hi, 30.0 si,  0.0 st
%Cpu(s): 46.3 us, 23.2 sy,  0.0 ni,  1.5 id,  0.0 wa,  0.0 hi, 29.1 si,  0.0 st
%Cpu(s): 44.6 us, 21.6 sy,  0.0 ni,  2.5 id,  0.0 wa,  0.0 hi, 31.4 si,  0.0 st
%Cpu(s): 43.6 us, 23.5 sy,  0.0 ni,  2.9 id,  0.0 wa,  0.0 hi, 29.9 si,  0.0 st
%Cpu(s): 44.3 us, 23.2 sy,  0.0 ni,  0.5 id,  0.0 wa,  0.0 hi, 32.0 si,  0.0 st
%Cpu(s): 44.3 us, 23.2 sy,  0.0 ni,  1.5 id,  0.0 wa,  0.0 hi, 31.0 si,  0.0 st
%Cpu(s): 41.5 us, 28.0 sy,  0.0 ni,  1.0 id,  0.0 wa,  0.0 hi, 29.5 si,  0.0 st
%Cpu(s): 45.0 us, 23.8 sy,  0.0 ni,  2.0 id,  0.0 wa,  0.0 hi, 29.2 si,  0.0 st
%Cpu(s): 44.8 us, 22.7 sy,  0.0 ni,  1.0 id,  0.0 wa,  0.0 hi, 31.5 si,  0.0 st
%Cpu(s): 43.1 us, 23.8 sy,  0.0 ni,  1.5 id,  0.0 wa,  0.0 hi, 31.7 si,  0.0 st
%Cpu(s): 44.4 us, 22.9 sy,  0.0 ni,  0.5 id,  0.0 wa,  0.0 hi, 32.2 si,  0.0 st
%Cpu(s): 42.9 us, 22.7 sy,  0.0 ni,  1.5 id,  0.0 wa,  0.0 hi, 33.0 si,  0.0 st
%Cpu(s): 43.8 us, 24.1 sy,  0.0 ni,  0.5 id,  0.0 wa,  0.0 hi, 31.5 si,  0.0 st
%Cpu(s): 44.1 us, 23.8 sy,  0.0 ni,  3.5 id,  0.0 wa,  0.0 hi, 28.7 si,  0.0 st
%Cpu(s): 45.0 us, 23.8 sy,  0.0 ni,  1.0 id,  0.0 wa,  0.0 hi, 30.2 si,  0.0 st
%Cpu(s): 45.8 us, 25.1 sy,  0.0 ni,  1.0 id,  0.0 wa,  0.0 hi, 28.1 si,  0.0 st
%Cpu(s): 43.7 us, 22.3 sy,  0.0 ni,  2.4 id,  0.0 wa,  0.0 hi, 31.6 si,  0.0 st
%Cpu(s): 45.5 us, 21.3 sy,  0.0 ni,  1.0 id,  0.0 wa,  0.0 hi, 32.2 si,  0.0 st
%Cpu(s): 46.0 us, 23.8 sy,  0.0 ni,  1.5 id,  0.0 wa,  0.0 hi, 28.7 si,  0.0 st
%Cpu(s): 45.6 us, 22.5 sy,  0.0 ni,  2.0 id,  0.0 wa,  0.0 hi, 29.9 si,  0.0 st
%Cpu(s): 46.8 us, 23.2 sy,  0.0 ni,  1.5 id,  0.0 wa,  0.0 hi, 28.6 si,  0.0 st
%Cpu(s): 44.6 us, 22.3 sy,  0.0 ni,  4.0 id,  0.0 wa,  0.0 hi, 29.2 si,  0.0 st
%Cpu(s): 45.8 us, 23.2 sy,  0.0 ni,  1.5 id,  0.0 wa,  0.0 hi, 29.6 si,  0.0 st
%Cpu(s): 43.6 us, 25.2 sy,  0.0 ni,  2.5 id,  0.0 wa,  0.0 hi, 28.7 si,  0.0 st
%Cpu(s): 42.6 us, 22.3 sy,  0.0 ni,  4.5 id,  0.0 wa,  0.0 hi, 30.7 si,  0.0 st
%Cpu(s): 45.8 us, 22.2 sy,  0.0 ni,  2.5 id,  0.0 wa,  0.0 hi, 29.6 si,  0.0 st
%Cpu(s): 42.3 us, 24.9 sy,  0.0 ni,  4.5 id,  0.0 wa,  0.0 hi, 28.4 si,  0.0 st
%Cpu(s): 45.7 us, 24.0 sy,  0.0 ni,  3.4 id,  0.0 wa,  0.0 hi, 26.9 si,  0.0 st
%Cpu(s): 46.1 us, 21.6 sy,  0.0 ni,  2.5 id,  0.0 wa,  0.0 hi, 29.9 si,  0.0 st
%Cpu(s): 45.0 us, 23.3 sy,  0.0 ni,  1.0 id,  0.0 wa,  0.0 hi, 30.7 si,  0.0 st
%Cpu(s): 42.6 us, 24.8 sy,  0.0 ni,  1.5 id,  0.0 wa,  0.0 hi, 31.2 si,  0.0 st
%Cpu(s): 43.1 us, 22.8 sy,  0.0 ni,  4.0 id,  0.0 wa,  0.0 hi, 30.2 si,  0.0 st
%Cpu(s): 42.6 us, 24.3 sy,  0.0 ni,  2.5 id,  0.0 wa,  0.0 hi, 30.7 si,  0.0 st
%Cpu(s): 43.3 us, 23.6 sy,  0.0 ni,  1.0 id,  0.0 wa,  0.0 hi, 32.0 si,  0.0 st
%Cpu(s): 44.9 us, 23.4 sy,  0.0 ni,  0.5 id,  0.0 wa,  0.0 hi, 31.2 si,  0.0 st
%Cpu(s): 46.3 us, 23.9 sy,  0.0 ni,  0.5 id,  0.0 wa,  0.0 hi, 29.3 si,  0.0 st
%Cpu(s): 24.8 us, 13.4 sy,  0.0 ni, 44.1 id,  0.0 wa,  0.0 hi, 17.8 si,  0.0 st
%Cpu(s):  0.5 us,  0.5 sy,  0.0 ni, 99.0 id,  0.0 wa,  0.0 hi,  0.0 si,  0.0 st
%Cpu(s):  3.0 us,  1.0 sy,  0.0 ni, 96.0 id,  0.0 wa,  0.0 hi,  0.0 si,  0.0 st
%Cpu(s):  1.5 us,  0.5 sy,  0.0 ni, 98.0 id,  0.0 wa,  0.0 hi,  0.0 si,  0.0 st
%Cpu(s):  1.5 us,  1.5 sy,  0.0 ni, 97.0 id,  0.0 wa,  0.0 hi,  0.0 si,  0.0 st
%Cpu(s):  1.5 us,  0.5 sy,  0.0 ni, 98.0 id,  0.0 wa,  0.0 hi,  0.0 si,  0.0 st
%Cpu(s):  0.5 us,  0.5 sy,  0.0 ni, 99.0 id,  0.0 wa,  0.0 hi,  0.0 si,  0.0 st
%Cpu(s):  1.0 us,  0.5 sy,  0.0 ni, 98.5 id,  0.0 wa,  0.0 hi,  0.0 si,  0.0 st
%Cpu(s):  1.5 us,  0.5 sy,  0.0 ni, 97.5 id,  0.0 wa,  0.0 hi,  0.5 si,  0.0 st
%Cpu(s):  1.5 us,  0.5 sy,  0.0 ni, 98.0 id,  0.0 wa,  0.0 hi,  0.0 si,  0.0 st
%Cpu(s):  1.0 us,  0.5 sy,  0.0 ni, 98.5 id,  0.0 wa,  0.0 hi,  0.0 si,  0.0 st
%Cpu(s):  6.9 us,  5.4 sy,  0.0 ni, 87.6 id,  0.0 wa,  0.0 hi,  0.0 si,  0.0 st
%Cpu(s):  0.5 us,  0.5 sy,  0.0 ni, 99.0 id,  0.0 wa,  0.0 hi,  0.0 si,  0.0 st
%Cpu(s):  0.5 us,  0.5 sy,  0.0 ni, 99.0 id,  0.0 wa,  0.0 hi,  0.0 si,  0.0 st
%Cpu(s):  1.0 us,  0.5 sy,  0.0 ni, 98.5 id,  0.0 wa,  0.0 hi,  0.0 si,  0.0 st
%Cpu(s):  1.5 us,  0.5 sy,  0.0 ni, 98.0 id,  0.0 wa,  0.0 hi,  0.0 si,  0.0 st
%Cpu(s):  3.5 us,  1.0 sy,  0.0 ni, 95.5 id,  0.0 wa,  0.0 hi,  0.0 si,  0.0 st
%Cpu(s):  3.0 us,  1.0 sy,  0.0 ni, 95.6 id,  0.0 wa,  0.0 hi,  0.5 si,  0.0 st
%Cpu(s):  5.0 us,  2.0 sy,  0.0 ni, 93.0 id,  0.0 wa,  0.0 hi,  0.0 si,  0.0 st
%Cpu(s):  3.4 us,  1.5 sy,  0.0 ni, 94.6 id,  0.0 wa,  0.0 hi,  0.5 si,  0.0 st
%Cpu(s):  3.5 us,  0.5 sy,  0.0 ni, 96.0 id,  0.0 wa,  0.0 hi,  0.0 si,  0.0 st
%Cpu(s):  3.0 us,  0.5 sy,  0.0 ni, 96.5 id,  0.0 wa,  0.0 hi,  0.0 si,  0.0 st
%Cpu(s):  6.4 us,  1.0 sy,  0.0 ni, 92.1 id,  0.0 wa,  0.0 hi,  0.5 si,  0.0 st
