%Cpu(s): 42.2 us, 10.9 sy,  0.0 ni, 37.5 id,  0.0 wa,  0.0 hi,  9.4 si,  0.0 st
%Cpu(s): 42.9 us,  7.9 sy,  0.0 ni, 39.9 id,  0.0 wa,  0.0 hi,  9.4 si,  0.0 st
%Cpu(s): 41.4 us,  8.4 sy,  0.0 ni, 40.9 id,  0.0 wa,  0.0 hi,  9.4 si,  0.0 st
%Cpu(s): 41.0 us,  8.8 sy,  0.0 ni, 40.5 id,  0.0 wa,  0.0 hi,  9.8 si,  0.0 st
%Cpu(s): 41.9 us,  8.6 sy,  0.0 ni, 39.9 id,  0.0 wa,  0.0 hi,  9.6 si,  0.0 st
%Cpu(s): 38.1 us,  8.4 sy,  0.0 ni, 43.1 id,  1.0 wa,  0.0 hi,  9.4 si,  0.0 st
%Cpu(s): 36.8 us,  9.3 sy,  0.0 ni, 42.6 id,  0.0 wa,  0.0 hi, 11.3 si,  0.0 st
%Cpu(s): 38.7 us,  9.8 sy,  0.0 ni, 41.2 id,  0.0 wa,  0.0 hi, 10.3 si,  0.0 st
%Cpu(s): 41.0 us, 10.5 sy,  0.0 ni, 39.5 id,  0.0 wa,  0.0 hi,  9.0 si,  0.0 st
%Cpu(s): 38.5 us,  8.0 sy,  0.0 ni, 43.0 id,  0.0 wa,  0.0 hi, 10.5 si,  0.0 st
%Cpu(s): 38.2 us,  8.3 sy,  0.0 ni, 43.6 id,  0.0 wa,  0.0 hi,  9.8 si,  0.0 st
%Cpu(s): 42.2 us,  9.8 sy,  0.0 ni, 38.2 id,  0.0 wa,  0.0 hi,  9.8 si,  0.0 st
%Cpu(s): 37.5 us,  9.0 sy,  0.0 ni, 43.5 id,  0.0 wa,  0.0 hi, 10.0 si,  0.0 st
%Cpu(s): 38.2 us,  9.5 sy,  0.0 ni, 42.2 id,  0.0 wa,  0.0 hi, 10.1 si,  0.0 st
%Cpu(s): 41.8 us, 10.9 sy,  0.0 ni, 38.8 id,  0.0 wa,  0.0 hi,  8.5 si,  0.0 st
%Cpu(s): 39.1 us,  7.9 sy,  0.0 ni, 42.6 id,  0.0 wa,  0.0 hi, 10.4 si,  0.0 st
%Cpu(s): 38.1 us,  8.4 sy,  0.0 ni, 43.1 id,  0.0 wa,  0.0 hi, 10.4 si,  0.0 st
%Cpu(s): 38.8 us, 10.0 sy,  0.0 ni, 40.8 id,  0.0 wa,  0.0 hi, 10.4 si,  0.0 st
%Cpu(s): 38.0 us, 11.0 sy,  0.0 ni, 41.5 id,  0.0 wa,  0.0 hi,  9.5 si,  0.0 st
%Cpu(s): 39.1 us,  9.9 sy,  0.0 ni, 42.1 id,  0.0 wa,  0.0 hi,  8.9 si,  0.0 st
%Cpu(s): 39.9 us,  7.9 sy,  0.0 ni, 41.4 id,  0.0 wa,  0.0 hi, 10.8 si,  0.0 st
%Cpu(s): 38.2 us,  8.8 sy,  0.0 ni, 42.2 id,  0.0 wa,  0.0 hi, 10.8 si,  0.0 st
%Cpu(s): 40.3 us, 10.0 sy,  0.0 ni, 40.3 id,  0.0 wa,  0.0 hi,  9.5 si,  0.0 st
%Cpu(s): 38.4 us,  7.6 sy,  0.0 ni, 43.4 id,  0.0 wa,  0.0 hi, 10.6 si,  0.0 st
%Cpu(s): 41.1 us,  9.4 sy,  0.0 ni, 40.1 id,  0.0 wa,  0.0 hi,  9.4 si,  0.0 st
%Cpu(s): 39.1 us,  6.9 sy,  0.0 ni, 43.6 id,  0.0 wa,  0.0 hi, 10.4 si,  0.0 st
%Cpu(s): 41.0 us,  9.5 sy,  0.0 ni, 39.5 id,  0.0 wa,  0.0 hi, 10.0 si,  0.0 st
%Cpu(s): 45.2 us, 13.6 sy,  0.0 ni, 32.2 id,  0.0 wa,  0.0 hi,  9.0 si,  0.0 st
%Cpu(s): 39.5 us, 11.5 sy,  0.0 ni, 38.5 id,  0.0 wa,  0.0 hi, 10.5 si,  0.0 st
%Cpu(s): 40.3 us,  9.5 sy,  0.0 ni, 40.8 id,  0.0 wa,  0.0 hi,  9.5 si,  0.0 st
%Cpu(s): 41.3 us,  9.0 sy,  0.0 ni, 40.8 id,  0.0 wa,  0.0 hi,  9.0 si,  0.0 st
%Cpu(s): 42.6 us,  8.8 sy,  0.0 ni, 38.7 id,  0.0 wa,  0.0 hi,  9.8 si,  0.0 st
%Cpu(s): 39.8 us,  8.5 sy,  0.0 ni, 41.8 id,  0.0 wa,  0.0 hi, 10.0 si,  0.0 st
%Cpu(s): 43.5 us,  8.5 sy,  0.0 ni, 39.0 id,  0.0 wa,  0.0 hi,  9.0 si,  0.0 st
%Cpu(s): 43.3 us,  9.4 sy,  0.0 ni, 38.4 id,  0.0 wa,  0.0 hi,  8.9 si,  0.0 st
%Cpu(s): 41.4 us,  9.4 sy,  0.0 ni, 39.4 id,  0.0 wa,  0.0 hi,  9.9 si,  0.0 st
%Cpu(s): 38.4 us,  9.1 sy,  0.0 ni, 43.4 id,  0.0 wa,  0.0 hi,  9.1 si,  0.0 st
%Cpu(s): 37.4 us,  8.9 sy,  0.0 ni, 43.3 id,  0.0 wa,  0.0 hi, 10.3 si,  0.0 st
%Cpu(s): 38.0 us,  8.8 sy,  0.0 ni, 42.4 id,  0.0 wa,  0.0 hi, 10.7 si,  0.0 st
%Cpu(s): 39.3 us,  8.5 sy,  0.0 ni, 42.8 id,  0.0 wa,  0.0 hi,  9.5 si,  0.0 st
%Cpu(s): 38.7 us,  8.8 sy,  0.0 ni, 42.6 id,  0.0 wa,  0.0 hi,  9.8 si,  0.0 st
%Cpu(s): 38.4 us,  8.9 sy,  0.0 ni, 42.4 id,  0.0 wa,  0.0 hi, 10.3 si,  0.0 st
%Cpu(s): 38.3 us,  9.0 sy,  0.0 ni, 42.8 id,  0.0 wa,  0.0 hi, 10.0 si,  0.0 st
%Cpu(s): 35.5 us,  9.0 sy,  0.0 ni, 45.0 id,  0.0 wa,  0.0 hi, 10.5 si,  0.0 st
%Cpu(s): 37.6 us,  9.4 sy,  0.0 ni, 42.6 id,  0.0 wa,  0.0 hi, 10.4 si,  0.0 st
%Cpu(s): 39.6 us,  8.9 sy,  0.0 ni, 43.1 id,  0.0 wa,  0.0 hi,  8.4 si,  0.0 st
%Cpu(s): 40.4 us,  8.9 sy,  0.0 ni, 40.9 id,  0.0 wa,  0.0 hi,  9.9 si,  0.0 st
%Cpu(s): 38.6 us,  8.4 sy,  0.0 ni, 43.1 id,  0.0 wa,  0.0 hi,  9.9 si,  0.0 st
%Cpu(s): 40.2 us,  9.8 sy,  0.0 ni, 39.2 id,  0.0 wa,  0.0 hi, 10.8 si,  0.0 st
%Cpu(s): 39.2 us,  9.0 sy,  0.0 ni, 42.2 id,  0.0 wa,  0.0 hi,  9.5 si,  0.0 st
%Cpu(s): 39.1 us,  8.9 sy,  0.0 ni, 43.1 id,  0.0 wa,  0.0 hi,  8.9 si,  0.0 st
%Cpu(s): 26.9 us,  6.0 sy,  0.0 ni, 60.7 id,  0.0 wa,  0.0 hi,  6.5 si,  0.0 st
%Cpu(s):  0.5 us,  0.5 sy,  0.0 ni, 98.5 id,  0.0 wa,  0.0 hi,  0.5 si,  0.0 st
%Cpu(s):  1.0 us,  1.0 sy,  0.0 ni, 98.0 id,  0.0 wa,  0.0 hi,  0.0 si,  0.0 st
%Cpu(s):  4.5 us,  3.0 sy,  0.0 ni, 92.5 id,  0.0 wa,  0.0 hi,  0.0 si,  0.0 st
%Cpu(s):  0.5 us,  0.0 sy,  0.0 ni, 99.5 id,  0.0 wa,  0.0 hi,  0.0 si,  0.0 st
%Cpu(s):  3.0 us,  0.5 sy,  0.0 ni, 96.5 id,  0.0 wa,  0.0 hi,  0.0 si,  0.0 st
%Cpu(s):  2.5 us,  0.5 sy,  0.0 ni, 97.0 id,  0.0 wa,  0.0 hi,  0.0 si,  0.0 st
%Cpu(s):  4.0 us,  0.5 sy,  0.0 ni, 95.0 id,  0.0 wa,  0.0 hi,  0.5 si,  0.0 st
%Cpu(s):  3.0 us,  0.5 sy,  0.0 ni, 95.5 id,  1.0 wa,  0.0 hi,  0.0 si,  0.0 st
%Cpu(s):  4.0 us,  1.0 sy,  0.0 ni, 95.0 id,  0.0 wa,  0.0 hi,  0.0 si,  0.0 st
%Cpu(s):  3.5 us,  0.5 sy,  0.0 ni, 96.0 id,  0.0 wa,  0.0 hi,  0.0 si,  0.0 st
%Cpu(s):  3.5 us,  0.5 sy,  0.0 ni, 96.0 id,  0.0 wa,  0.0 hi,  0.0 si,  0.0 st
