%Cpu(s): 71.0 us, 15.9 sy,  0.0 ni,  2.9 id,  0.0 wa,  0.0 hi, 10.1 si,  0.0 st
%Cpu(s): 67.8 us, 15.3 sy,  0.0 ni,  3.5 id,  0.0 wa,  0.0 hi, 13.4 si,  0.0 st
%Cpu(s): 69.5 us, 14.8 sy,  0.0 ni,  3.0 id,  0.0 wa,  0.0 hi, 12.8 si,  0.0 st
%Cpu(s): 68.8 us, 15.8 sy,  0.0 ni,  2.0 id,  0.0 wa,  0.0 hi, 13.4 si,  0.0 st
%Cpu(s): 70.9 us, 14.8 sy,  0.0 ni,  2.5 id,  0.0 wa,  0.0 hi, 11.8 si,  0.0 st
%Cpu(s): 68.3 us, 15.8 sy,  0.0 ni,  2.5 id,  0.0 wa,  0.0 hi, 13.4 si,  0.0 st
%Cpu(s): 70.7 us, 15.1 sy,  0.0 ni,  2.4 id,  0.0 wa,  0.0 hi, 11.7 si,  0.0 st
%Cpu(s): 71.3 us, 15.8 sy,  0.0 ni,  2.0 id,  0.0 wa,  0.0 hi, 10.9 si,  0.0 st
%Cpu(s): 66.5 us, 16.3 sy,  0.0 ni,  3.9 id,  0.0 wa,  0.0 hi, 13.3 si,  0.0 st
%Cpu(s): 69.8 us, 14.4 sy,  0.0 ni,  2.5 id,  0.0 wa,  0.0 hi, 13.4 si,  0.0 st
%Cpu(s): 69.6 us, 15.7 sy,  0.0 ni,  3.4 id,  0.0 wa,  0.0 hi, 11.3 si,  0.0 st
%Cpu(s): 69.2 us, 16.4 sy,  0.0 ni,  2.5 id,  0.0 wa,  0.0 hi, 11.9 si,  0.0 st
%Cpu(s): 67.8 us, 16.8 sy,  0.0 ni,  3.0 id,  0.0 wa,  0.0 hi, 12.4 si,  0.0 st
%Cpu(s): 69.3 us, 14.9 sy,  0.0 ni,  3.0 id,  0.0 wa,  0.0 hi, 12.9 si,  0.0 st
%Cpu(s): 68.5 us, 16.7 sy,  0.0 ni,  2.5 id,  0.0 wa,  0.0 hi, 12.3 si,  0.0 st
%Cpu(s): 70.4 us, 14.8 sy,  0.0 ni,  3.0 id,  0.0 wa,  0.0 hi, 11.8 si,  0.0 st
%Cpu(s): 69.7 us, 14.9 sy,  0.0 ni,  2.5 id,  0.0 wa,  0.0 hi, 12.9 si,  0.0 st
%Cpu(s): 68.1 us, 18.1 sy,  0.0 ni,  2.5 id,  0.0 wa,  0.0 hi, 11.3 si,  0.0 st
%Cpu(s): 67.2 us, 16.7 sy,  0.0 ni,  2.5 id,  0.0 wa,  0.0 hi, 13.7 si,  0.0 st
%Cpu(s): 67.8 us, 16.3 sy,  0.0 ni,  2.0 id,  0.0 wa,  0.0 hi, 13.9 si,  0.0 st
%Cpu(s): 70.3 us, 15.8 sy,  0.0 ni,  2.5 id,  0.0 wa,  0.0 hi, 11.4 si,  0.0 st
%Cpu(s): 69.3 us, 15.3 sy,  0.0 ni,  3.0 id,  0.0 wa,  0.0 hi, 12.4 si,  0.0 st
%Cpu(s): 67.8 us, 17.8 sy,  0.0 ni,  2.0 id,  0.0 wa,  0.0 hi, 12.4 si,  0.0 st
%Cpu(s): 69.0 us, 16.3 sy,  0.0 ni,  3.0 id,  0.0 wa,  0.0 hi, 11.8 si,  0.0 st
%Cpu(s): 70.4 us, 14.3 sy,  0.0 ni,  2.0 id,  0.0 wa,  0.0 hi, 13.3 si,  0.0 st
%Cpu(s): 69.7 us, 13.9 sy,  0.0 ni,  2.5 id,  0.0 wa,  0.0 hi, 13.9 si,  0.0 st
%Cpu(s): 70.2 us, 16.3 sy,  0.0 ni,  1.9 id,  0.0 wa,  0.0 hi, 11.5 si,  0.0 st
%Cpu(s): 70.3 us, 14.4 sy,  0.0 ni,  2.0 id,  0.0 wa,  0.0 hi, 13.4 si,  0.0 st
%Cpu(s): 67.7 us, 15.4 sy,  0.0 ni,  4.0 id,  0.0 wa,  0.0 hi, 12.9 si,  0.0 st
%Cpu(s): 70.1 us, 13.7 sy,  0.0 ni,  2.9 id,  0.0 wa,  0.0 hi, 13.2 si,  0.0 st
%Cpu(s): 68.6 us, 16.4 sy,  0.0 ni,  2.4 id,  0.0 wa,  0.0 hi, 12.6 si,  0.0 st
%Cpu(s): 69.5 us, 15.0 sy,  0.0 ni,  2.5 id,  0.0 wa,  0.0 hi, 13.0 si,  0.0 st
%Cpu(s): 67.6 us, 18.1 sy,  0.0 ni,  2.5 id,  0.0 wa,  0.0 hi, 11.8 si,  0.0 st
%Cpu(s): 67.3 us, 16.3 sy,  0.0 ni,  4.0 id,  0.0 wa,  0.0 hi, 12.4 si,  0.0 st
%Cpu(s): 69.7 us, 14.4 sy,  0.0 ni,  3.5 id,  0.0 wa,  0.0 hi, 12.4 si,  0.0 st
%Cpu(s): 70.4 us, 14.3 sy,  0.0 ni,  2.5 id,  0.0 wa,  0.0 hi, 12.8 si,  0.0 st
%Cpu(s): 69.1 us, 16.7 sy,  0.0 ni,  2.5 id,  0.0 wa,  0.0 hi, 11.8 si,  0.0 st
%Cpu(s): 68.7 us, 17.4 sy,  0.0 ni,  2.0 id,  0.0 wa,  0.0 hi, 11.9 si,  0.0 st
%Cpu(s): 70.4 us, 14.3 sy,  0.0 ni,  2.0 id,  0.0 wa,  0.0 hi, 13.3 si,  0.0 st
%Cpu(s): 68.6 us, 15.7 sy,  0.0 ni,  2.9 id,  0.0 wa,  0.0 hi, 12.7 si,  0.0 st
%Cpu(s): 68.8 us, 15.3 sy,  0.0 ni,  2.5 id,  0.0 wa,  0.0 hi, 13.4 si,  0.0 st
%Cpu(s): 70.3 us, 14.9 sy,  0.0 ni,  3.0 id,  0.0 wa,  0.0 hi, 11.9 si,  0.0 st
%Cpu(s): 69.2 us, 14.9 sy,  0.0 ni,  2.5 id,  0.0 wa,  0.0 hi, 13.4 si,  0.0 st
%Cpu(s): 46.8 us,  9.5 sy,  0.0 ni, 34.8 id,  0.0 wa,  0.0 hi,  9.0 si,  0.0 st
%Cpu(s):  3.5 us,  0.5 sy,  0.0 ni, 96.0 id,  0.0 wa,  0.0 hi,  0.0 si,  0.0 st
%Cpu(s):  4.4 us,  1.5 sy,  0.0 ni, 93.6 id,  0.0 wa,  0.0 hi,  0.5 si,  0.0 st
%Cpu(s):  4.0 us,  1.0 sy,  0.0 ni, 94.5 id,  0.0 wa,  0.0 hi,  0.5 si,  0.0 st
%Cpu(s):  3.5 us,  1.0 sy,  0.0 ni, 95.5 id,  0.0 wa,  0.0 hi,  0.0 si,  0.0 st
%Cpu(s):  2.5 us,  0.5 sy,  0.0 ni, 97.0 id,  0.0 wa,  0.0 hi,  0.0 si,  0.0 st
%Cpu(s):  3.5 us,  1.0 sy,  0.0 ni, 95.5 id,  0.0 wa,  0.0 hi,  0.0 si,  0.0 st
%Cpu(s):  0.5 us,  1.0 sy,  0.0 ni, 98.5 id,  0.0 wa,  0.0 hi,  0.0 si,  0.0 st
%Cpu(s):  1.0 us,  0.5 sy,  0.0 ni, 98.0 id,  0.0 wa,  0.0 hi,  0.5 si,  0.0 st
%Cpu(s):  5.1 us,  5.1 sy,  0.0 ni, 89.9 id,  0.0 wa,  0.0 hi,  0.0 si,  0.0 st
%Cpu(s):  1.0 us,  1.0 sy,  0.0 ni, 98.0 id,  0.0 wa,  0.0 hi,  0.0 si,  0.0 st
%Cpu(s):  2.0 us,  1.0 sy,  0.0 ni, 96.5 id,  0.0 wa,  0.0 hi,  0.5 si,  0.0 st
%Cpu(s):  3.5 us,  1.5 sy,  0.0 ni, 95.0 id,  0.0 wa,  0.0 hi,  0.0 si,  0.0 st
%Cpu(s):  2.0 us,  1.5 sy,  0.0 ni, 96.5 id,  0.0 wa,  0.0 hi,  0.0 si,  0.0 st
%Cpu(s):  3.0 us,  2.5 sy,  0.0 ni, 94.0 id,  0.0 wa,  0.0 hi,  0.5 si,  0.0 st
%Cpu(s):  1.5 us,  0.5 sy,  0.0 ni, 97.5 id,  0.0 wa,  0.0 hi,  0.5 si,  0.0 st
%Cpu(s):  2.0 us,  1.5 sy,  0.0 ni, 96.5 id,  0.0 wa,  0.0 hi,  0.0 si,  0.0 st
%Cpu(s):  1.5 us,  0.5 sy,  0.0 ni, 98.0 id,  0.0 wa,  0.0 hi,  0.0 si,  0.0 st
%Cpu(s):  4.0 us,  2.0 sy,  0.0 ni, 93.5 id,  0.0 wa,  0.0 hi,  0.5 si,  0.0 st
%Cpu(s):  4.5 us,  1.5 sy,  0.0 ni, 94.0 id,  0.0 wa,  0.0 hi,  0.0 si,  0.0 st
%Cpu(s):  1.5 us,  1.5 sy,  0.0 ni, 96.5 id,  0.0 wa,  0.0 hi,  0.5 si,  0.0 st
%Cpu(s):  1.0 us,  1.0 sy,  0.0 ni, 98.0 id,  0.0 wa,  0.0 hi,  0.0 si,  0.0 st
%Cpu(s):  1.5 us,  1.0 sy,  0.0 ni, 97.0 id,  0.0 wa,  0.0 hi,  0.5 si,  0.0 st
