%Cpu(s): 64.2 us, 14.9 sy,  0.0 ni,  7.5 id,  0.0 wa,  0.0 hi, 13.4 si,  0.0 st
%Cpu(s): 66.2 us, 13.9 sy,  0.0 ni,  7.5 id,  0.0 wa,  0.0 hi, 12.4 si,  0.0 st
%Cpu(s): 66.0 us, 14.8 sy,  0.0 ni,  5.4 id,  0.0 wa,  0.0 hi, 13.8 si,  0.0 st
%Cpu(s): 66.2 us, 13.9 sy,  0.0 ni,  7.0 id,  0.0 wa,  0.0 hi, 12.9 si,  0.0 st
%Cpu(s): 68.0 us, 13.8 sy,  0.0 ni,  6.4 id,  0.0 wa,  0.0 hi, 11.8 si,  0.0 st
%Cpu(s): 68.2 us, 13.6 sy,  0.0 ni,  6.1 id,  0.0 wa,  0.0 hi, 12.1 si,  0.0 st
%Cpu(s): 66.8 us, 14.9 sy,  0.0 ni,  7.4 id,  0.0 wa,  0.0 hi, 10.9 si,  0.0 st
%Cpu(s): 65.8 us, 15.3 sy,  0.0 ni,  5.9 id,  0.0 wa,  0.0 hi, 12.9 si,  0.0 st
%Cpu(s): 66.2 us, 14.4 sy,  0.0 ni,  7.0 id,  0.0 wa,  0.0 hi, 12.4 si,  0.0 st
%Cpu(s): 63.7 us, 15.4 sy,  0.0 ni,  9.0 id,  0.0 wa,  0.0 hi, 11.9 si,  0.0 st
%Cpu(s): 65.5 us, 14.5 sy,  0.0 ni,  6.5 id,  0.0 wa,  0.0 hi, 13.5 si,  0.0 st
%Cpu(s): 65.0 us, 15.3 sy,  0.0 ni,  6.9 id,  0.0 wa,  0.0 hi, 12.8 si,  0.0 st
%Cpu(s): 64.9 us, 15.3 sy,  0.0 ni,  6.4 id,  0.0 wa,  0.0 hi, 13.4 si,  0.0 st
%Cpu(s): 66.2 us, 14.2 sy,  0.0 ni,  6.4 id,  0.0 wa,  0.0 hi, 13.2 si,  0.0 st
%Cpu(s): 63.9 us, 18.8 sy,  0.0 ni,  6.4 id,  0.0 wa,  0.0 hi, 10.9 si,  0.0 st
%Cpu(s): 65.3 us, 14.4 sy,  0.0 ni,  9.4 id,  0.0 wa,  0.0 hi, 10.9 si,  0.0 st
%Cpu(s): 67.3 us, 13.4 sy,  0.0 ni,  7.4 id,  0.0 wa,  0.0 hi, 11.9 si,  0.0 st
%Cpu(s): 64.0 us, 15.8 sy,  0.0 ni,  6.9 id,  0.0 wa,  0.0 hi, 13.3 si,  0.0 st
%Cpu(s): 67.3 us, 12.4 sy,  0.0 ni,  7.9 id,  0.0 wa,  0.0 hi, 12.4 si,  0.0 st
%Cpu(s): 65.2 us, 14.4 sy,  0.0 ni,  7.5 id,  0.0 wa,  0.0 hi, 12.9 si,  0.0 st
%Cpu(s): 65.8 us, 13.9 sy,  0.0 ni,  6.9 id,  0.5 wa,  0.0 hi, 12.9 si,  0.0 st
%Cpu(s): 65.7 us, 14.4 sy,  0.0 ni,  6.5 id,  0.0 wa,  0.0 hi, 13.4 si,  0.0 st
%Cpu(s): 67.5 us, 14.5 sy,  0.0 ni,  6.0 id,  0.0 wa,  0.0 hi, 12.0 si,  0.0 st
%Cpu(s): 63.4 us, 14.9 sy,  0.0 ni,  5.9 id,  0.0 wa,  0.0 hi, 15.8 si,  0.0 st
%Cpu(s): 67.3 us, 16.1 sy,  0.0 ni,  4.9 id,  0.0 wa,  0.0 hi, 11.7 si,  0.0 st
%Cpu(s): 66.5 us, 15.0 sy,  0.0 ni,  6.5 id,  0.0 wa,  0.0 hi, 12.0 si,  0.0 st
%Cpu(s): 64.7 us, 16.4 sy,  0.0 ni,  7.5 id,  0.0 wa,  0.0 hi, 11.4 si,  0.0 st
%Cpu(s): 67.8 us, 13.4 sy,  0.0 ni,  6.4 id,  0.0 wa,  0.0 hi, 12.4 si,  0.0 st
%Cpu(s): 66.2 us, 14.4 sy,  0.0 ni,  6.5 id,  0.0 wa,  0.0 hi, 12.9 si,  0.0 st
%Cpu(s): 63.0 us, 16.0 sy,  0.0 ni,  8.0 id,  0.0 wa,  0.0 hi, 13.0 si,  0.0 st
%Cpu(s): 66.8 us, 14.9 sy,  0.0 ni,  6.4 id,  0.0 wa,  0.0 hi, 11.9 si,  0.0 st
%Cpu(s): 64.4 us, 14.9 sy,  0.0 ni,  6.9 id,  0.0 wa,  0.0 hi, 13.9 si,  0.0 st
%Cpu(s): 65.0 us, 14.6 sy,  0.0 ni,  6.8 id,  0.0 wa,  0.0 hi, 13.6 si,  0.0 st
%Cpu(s): 67.2 us, 12.9 sy,  0.0 ni,  7.0 id,  0.0 wa,  0.0 hi, 12.9 si,  0.0 st
%Cpu(s): 66.3 us, 15.3 sy,  0.0 ni,  6.9 id,  0.0 wa,  0.0 hi, 11.4 si,  0.0 st
%Cpu(s): 64.7 us, 14.7 sy,  0.0 ni,  7.4 id,  0.0 wa,  0.0 hi, 13.2 si,  0.0 st
%Cpu(s): 66.3 us, 14.9 sy,  0.0 ni,  5.9 id,  0.0 wa,  0.0 hi, 12.9 si,  0.0 st
%Cpu(s): 67.3 us, 13.9 sy,  0.0 ni,  5.9 id,  0.0 wa,  0.0 hi, 12.9 si,  0.0 st
%Cpu(s): 66.8 us, 13.1 sy,  0.0 ni,  6.5 id,  0.0 wa,  0.0 hi, 13.6 si,  0.0 st
%Cpu(s): 66.3 us, 15.3 sy,  0.0 ni,  6.4 id,  0.0 wa,  0.0 hi, 11.9 si,  0.0 st
%Cpu(s): 66.2 us, 14.1 sy,  0.0 ni,  7.6 id,  0.0 wa,  0.0 hi, 12.1 si,  0.0 st
%Cpu(s): 65.5 us, 15.3 sy,  0.0 ni,  6.4 id,  0.0 wa,  0.0 hi, 12.8 si,  0.0 st
%Cpu(s): 63.7 us, 16.7 sy,  0.0 ni,  6.9 id,  0.0 wa,  0.0 hi, 12.7 si,  0.0 st
%Cpu(s): 60.0 us, 15.5 sy,  0.0 ni, 13.0 id,  0.0 wa,  0.0 hi, 11.5 si,  0.0 st
%Cpu(s):  3.0 us,  0.5 sy,  0.0 ni, 96.5 id,  0.0 wa,  0.0 hi,  0.0 si,  0.0 st
%Cpu(s):  2.0 us,  1.5 sy,  0.0 ni, 96.6 id,  0.0 wa,  0.0 hi,  0.0 si,  0.0 st
%Cpu(s):  1.5 us,  0.5 sy,  0.0 ni, 98.0 id,  0.0 wa,  0.0 hi,  0.0 si,  0.0 st
%Cpu(s):  1.5 us,  1.0 sy,  0.0 ni, 97.5 id,  0.0 wa,  0.0 hi,  0.0 si,  0.0 st
%Cpu(s):  1.5 us,  1.5 sy,  0.0 ni, 96.6 id,  0.0 wa,  0.0 hi,  0.5 si,  0.0 st
%Cpu(s):  1.5 us,  0.5 sy,  0.0 ni, 98.0 id,  0.0 wa,  0.0 hi,  0.0 si,  0.0 st
%Cpu(s):  0.5 us,  0.5 sy,  0.0 ni, 99.0 id,  0.0 wa,  0.0 hi,  0.0 si,  0.0 st
%Cpu(s):  3.0 us,  1.0 sy,  0.0 ni, 96.0 id,  0.0 wa,  0.0 hi,  0.0 si,  0.0 st
%Cpu(s):  0.5 us,  0.5 sy,  0.0 ni, 98.5 id,  0.0 wa,  0.0 hi,  0.5 si,  0.0 st
%Cpu(s):  0.5 us,  0.5 sy,  0.0 ni, 99.0 id,  0.0 wa,  0.0 hi,  0.0 si,  0.0 st
%Cpu(s):  6.9 us,  4.0 sy,  0.0 ni, 89.1 id,  0.0 wa,  0.0 hi,  0.0 si,  0.0 st
%Cpu(s):  0.5 us,  0.5 sy,  0.0 ni, 99.0 id,  0.0 wa,  0.0 hi,  0.0 si,  0.0 st
%Cpu(s):  1.0 us,  1.0 sy,  0.0 ni, 97.5 id,  0.0 wa,  0.0 hi,  0.5 si,  0.0 st
%Cpu(s):  1.0 us,  0.5 sy,  0.0 ni, 98.5 id,  0.0 wa,  0.0 hi,  0.0 si,  0.0 st
%Cpu(s):  1.0 us,  0.5 sy,  0.0 ni, 98.5 id,  0.0 wa,  0.0 hi,  0.0 si,  0.0 st
%Cpu(s):  0.5 us,  0.5 sy,  0.0 ni, 99.0 id,  0.0 wa,  0.0 hi,  0.0 si,  0.0 st
%Cpu(s):  4.5 us,  1.0 sy,  0.0 ni, 94.6 id,  0.0 wa,  0.0 hi,  0.0 si,  0.0 st
%Cpu(s):  3.9 us,  1.0 sy,  0.0 ni, 94.6 id,  0.0 wa,  0.0 hi,  0.5 si,  0.0 st
%Cpu(s):  3.9 us,  1.5 sy,  0.0 ni, 94.1 id,  0.0 wa,  0.0 hi,  0.5 si,  0.0 st
%Cpu(s):  6.5 us,  2.0 sy,  0.0 ni, 91.5 id,  0.0 wa,  0.0 hi,  0.0 si,  0.0 st
%Cpu(s):  3.0 us,  1.0 sy,  0.0 ni, 95.5 id,  0.0 wa,  0.0 hi,  0.5 si,  0.0 st
%Cpu(s):  4.5 us,  0.5 sy,  0.0 ni, 95.0 id,  0.0 wa,  0.0 hi,  0.0 si,  0.0 st
