%Cpu(s): 45.8 us, 25.0 sy,  0.0 ni,  0.0 id,  0.0 wa,  0.0 hi, 29.2 si,  0.0 st
%Cpu(s): 44.1 us, 27.5 sy,  0.0 ni,  0.0 id,  0.0 wa,  0.0 hi, 28.4 si,  0.0 st
%Cpu(s): 44.1 us, 25.5 sy,  0.0 ni,  0.0 id,  0.0 wa,  0.0 hi, 30.4 si,  0.0 st
%Cpu(s): 44.1 us, 25.5 sy,  0.0 ni,  0.5 id,  0.0 wa,  0.0 hi, 29.9 si,  0.0 st
%Cpu(s): 45.1 us, 25.2 sy,  0.0 ni,  0.0 id,  0.0 wa,  0.0 hi, 29.6 si,  0.0 st
%Cpu(s): 43.6 us, 25.0 sy,  0.0 ni,  0.5 id,  0.0 wa,  0.0 hi, 30.9 si,  0.0 st
%Cpu(s): 44.8 us, 24.1 sy,  0.0 ni,  2.0 id,  0.0 wa,  0.0 hi, 29.1 si,  0.0 st
%Cpu(s): 42.9 us, 26.6 sy,  0.0 ni,  2.0 id,  0.0 wa,  0.0 hi, 28.6 si,  0.0 st
%Cpu(s): 44.0 us, 27.0 sy,  0.0 ni,  3.5 id,  0.0 wa,  0.0 hi, 25.5 si,  0.0 st
%Cpu(s): 43.9 us, 26.3 sy,  0.0 ni,  1.5 id,  0.0 wa,  0.0 hi, 28.3 si,  0.0 st
%Cpu(s): 45.0 us, 24.8 sy,  0.0 ni,  2.5 id,  0.0 wa,  0.0 hi, 27.7 si,  0.0 st
%Cpu(s): 47.3 us, 25.6 sy,  0.0 ni,  2.0 id,  0.0 wa,  0.0 hi, 25.1 si,  0.0 st
%Cpu(s): 43.6 us, 22.8 sy,  0.0 ni,  3.0 id,  0.0 wa,  0.0 hi, 30.7 si,  0.0 st
%Cpu(s): 45.6 us, 25.5 sy,  0.0 ni,  1.5 id,  0.0 wa,  0.0 hi, 27.5 si,  0.0 st
%Cpu(s): 46.1 us, 25.0 sy,  0.0 ni,  0.0 id,  0.0 wa,  0.0 hi, 28.9 si,  0.0 st
%Cpu(s): 43.8 us, 27.1 sy,  0.0 ni,  1.0 id,  0.0 wa,  0.0 hi, 28.1 si,  0.0 st
%Cpu(s): 44.6 us, 25.2 sy,  0.0 ni,  3.5 id,  0.0 wa,  0.0 hi, 26.7 si,  0.0 st
%Cpu(s): 42.6 us, 27.2 sy,  0.0 ni,  4.0 id,  0.0 wa,  0.0 hi, 26.2 si,  0.0 st
%Cpu(s): 40.3 us, 27.4 sy,  0.0 ni,  4.0 id,  0.0 wa,  0.0 hi, 28.4 si,  0.0 st
%Cpu(s): 46.3 us, 24.4 sy,  0.0 ni,  1.5 id,  0.0 wa,  0.0 hi, 27.8 si,  0.0 st
%Cpu(s): 44.4 us, 25.6 sy,  0.0 ni,  0.0 id,  0.0 wa,  0.0 hi, 30.0 si,  0.0 st
%Cpu(s): 40.2 us, 27.0 sy,  0.0 ni,  0.5 id,  0.0 wa,  0.0 hi, 32.4 si,  0.0 st
%Cpu(s): 44.1 us, 26.0 sy,  0.0 ni,  0.0 id,  0.0 wa,  0.0 hi, 29.9 si,  0.0 st
%Cpu(s): 45.1 us, 25.0 sy,  0.0 ni,  0.5 id,  0.0 wa,  0.0 hi, 29.4 si,  0.0 st
%Cpu(s): 44.9 us, 25.4 sy,  0.0 ni,  0.0 id,  0.0 wa,  0.0 hi, 29.8 si,  0.0 st
%Cpu(s): 44.1 us, 25.0 sy,  0.0 ni,  0.0 id,  0.0 wa,  0.0 hi, 30.9 si,  0.0 st
%Cpu(s): 45.4 us, 23.4 sy,  0.0 ni,  0.5 id,  0.0 wa,  0.0 hi, 30.7 si,  0.0 st
%Cpu(s): 44.1 us, 25.2 sy,  0.0 ni,  0.0 id,  0.0 wa,  0.0 hi, 30.7 si,  0.0 st
%Cpu(s): 43.9 us, 28.3 sy,  0.0 ni,  0.5 id,  0.0 wa,  0.0 hi, 27.3 si,  0.0 st
%Cpu(s): 46.3 us, 25.6 sy,  0.0 ni,  0.0 id,  0.0 wa,  0.0 hi, 28.1 si,  0.0 st
%Cpu(s): 44.4 us, 24.4 sy,  0.0 ni,  0.5 id,  0.0 wa,  0.0 hi, 30.7 si,  0.0 st
%Cpu(s): 42.8 us, 27.9 sy,  0.0 ni,  0.5 id,  0.0 wa,  0.0 hi, 28.8 si,  0.0 st
%Cpu(s): 44.2 us, 25.2 sy,  0.0 ni,  0.0 id,  0.0 wa,  0.0 hi, 30.6 si,  0.0 st
%Cpu(s): 42.6 us, 26.0 sy,  0.0 ni,  0.5 id,  0.0 wa,  0.0 hi, 30.9 si,  0.0 st
%Cpu(s): 43.1 us, 26.5 sy,  0.0 ni,  0.0 id,  0.0 wa,  0.0 hi, 30.4 si,  0.0 st
%Cpu(s): 45.6 us, 26.0 sy,  0.0 ni,  0.0 id,  0.0 wa,  0.0 hi, 28.4 si,  0.0 st
%Cpu(s): 43.6 us, 25.0 sy,  0.0 ni,  0.0 id,  0.0 wa,  0.0 hi, 31.4 si,  0.0 st
%Cpu(s): 45.1 us, 25.0 sy,  0.0 ni,  0.5 id,  0.0 wa,  0.0 hi, 29.4 si,  0.0 st
%Cpu(s): 43.1 us, 26.5 sy,  0.0 ni,  1.5 id,  0.0 wa,  0.0 hi, 28.9 si,  0.0 st
%Cpu(s): 45.3 us, 23.6 sy,  0.0 ni,  2.0 id,  0.0 wa,  0.0 hi, 29.1 si,  0.0 st
%Cpu(s): 43.3 us, 25.1 sy,  0.0 ni,  3.4 id,  0.0 wa,  0.0 hi, 28.1 si,  0.0 st
%Cpu(s): 43.3 us, 25.1 sy,  0.0 ni,  3.9 id,  0.0 wa,  0.0 hi, 27.6 si,  0.0 st
%Cpu(s):  3.4 us,  1.0 sy,  0.0 ni, 95.1 id,  0.0 wa,  0.0 hi,  0.5 si,  0.0 st
%Cpu(s):  5.0 us,  1.5 sy,  0.0 ni, 93.5 id,  0.0 wa,  0.0 hi,  0.0 si,  0.0 st
%Cpu(s):  4.0 us,  0.5 sy,  0.0 ni, 95.5 id,  0.0 wa,  0.0 hi,  0.0 si,  0.0 st
%Cpu(s):  3.0 us,  0.5 sy,  0.0 ni, 96.5 id,  0.0 wa,  0.0 hi,  0.0 si,  0.0 st
%Cpu(s):  3.5 us,  0.5 sy,  0.0 ni, 96.0 id,  0.0 wa,  0.0 hi,  0.0 si,  0.0 st
%Cpu(s):  3.9 us,  0.5 sy,  0.0 ni, 95.6 id,  0.0 wa,  0.0 hi,  0.0 si,  0.0 st
%Cpu(s):  3.5 us,  0.5 sy,  0.0 ni, 95.5 id,  0.0 wa,  0.0 hi,  0.5 si,  0.0 st
%Cpu(s): 10.4 us,  5.5 sy,  0.0 ni, 84.1 id,  0.0 wa,  0.0 hi,  0.0 si,  0.0 st
%Cpu(s):  1.0 us,  0.5 sy,  0.0 ni, 98.5 id,  0.0 wa,  0.0 hi,  0.0 si,  0.0 st
%Cpu(s):  2.5 us,  2.0 sy,  0.0 ni, 95.5 id,  0.0 wa,  0.0 hi,  0.0 si,  0.0 st
%Cpu(s):  1.5 us,  1.0 sy,  0.0 ni, 97.5 id,  0.0 wa,  0.0 hi,  0.0 si,  0.0 st
%Cpu(s):  1.0 us,  1.0 sy,  0.0 ni, 98.0 id,  0.0 wa,  0.0 hi,  0.0 si,  0.0 st
%Cpu(s):  1.0 us,  0.5 sy,  0.0 ni, 98.0 id,  0.0 wa,  0.0 hi,  0.5 si,  0.0 st
%Cpu(s):  5.0 us,  2.0 sy,  0.0 ni, 93.0 id,  0.0 wa,  0.0 hi,  0.0 si,  0.0 st
%Cpu(s):  0.5 us,  1.5 sy,  0.0 ni, 98.0 id,  0.0 wa,  0.0 hi,  0.0 si,  0.0 st
%Cpu(s):  1.5 us,  1.5 sy,  0.0 ni, 95.5 id,  1.5 wa,  0.0 hi,  0.0 si,  0.0 st
%Cpu(s):  2.5 us,  1.5 sy,  0.0 ni, 95.5 id,  0.0 wa,  0.0 hi,  0.5 si,  0.0 st
%Cpu(s):  1.0 us,  0.5 sy,  0.0 ni, 98.5 id,  0.0 wa,  0.0 hi,  0.0 si,  0.0 st
%Cpu(s):  0.5 us,  0.5 sy,  0.0 ni, 99.0 id,  0.0 wa,  0.0 hi,  0.0 si,  0.0 st
%Cpu(s):  0.5 us,  1.0 sy,  0.0 ni, 98.5 id,  0.0 wa,  0.0 hi,  0.0 si,  0.0 st
%Cpu(s):  1.0 us,  1.0 sy,  0.0 ni, 98.0 id,  0.0 wa,  0.0 hi,  0.0 si,  0.0 st
%Cpu(s):  2.0 us,  1.5 sy,  0.0 ni, 96.1 id,  0.0 wa,  0.0 hi,  0.5 si,  0.0 st
%Cpu(s): 13.5 us,  7.5 sy,  0.0 ni, 79.0 id,  0.0 wa,  0.0 hi,  0.0 si,  0.0 st
%Cpu(s):  1.0 us,  1.0 sy,  0.0 ni, 98.0 id,  0.0 wa,  0.0 hi,  0.0 si,  0.0 st
