%Cpu(s): 40.6 us, 10.9 sy,  0.0 ni, 40.6 id,  0.0 wa,  0.0 hi,  7.8 si,  0.0 st
%Cpu(s): 41.5 us, 10.0 sy,  0.0 ni, 40.0 id,  0.0 wa,  0.0 hi,  8.5 si,  0.0 st
%Cpu(s): 42.9 us,  7.9 sy,  0.0 ni, 39.4 id,  0.0 wa,  0.0 hi,  9.9 si,  0.0 st
%Cpu(s): 45.0 us, 11.5 sy,  0.0 ni, 32.5 id,  0.0 wa,  0.0 hi, 11.0 si,  0.0 st
%Cpu(s): 41.1 us,  8.9 sy,  0.0 ni, 40.1 id,  0.0 wa,  0.0 hi,  9.9 si,  0.0 st
%Cpu(s): 38.8 us,  9.0 sy,  0.0 ni, 41.8 id,  0.0 wa,  0.0 hi, 10.4 si,  0.0 st
%Cpu(s): 39.0 us,  9.3 sy,  0.0 ni, 41.0 id,  0.0 wa,  0.0 hi, 10.7 si,  0.0 st
%Cpu(s): 43.9 us,  9.3 sy,  0.0 ni, 36.1 id,  0.0 wa,  0.0 hi, 10.7 si,  0.0 st
%Cpu(s): 47.3 us, 12.4 sy,  0.0 ni, 31.3 id,  0.0 wa,  0.0 hi,  9.0 si,  0.0 st
%Cpu(s): 44.1 us, 10.4 sy,  0.0 ni, 35.6 id,  0.0 wa,  0.0 hi,  9.9 si,  0.0 st
%Cpu(s): 40.4 us, 10.3 sy,  0.0 ni, 38.4 id,  0.0 wa,  0.0 hi, 10.8 si,  0.0 st
%Cpu(s): 44.1 us, 12.7 sy,  0.0 ni, 32.4 id,  0.0 wa,  0.0 hi, 10.8 si,  0.0 st
%Cpu(s): 43.8 us,  9.4 sy,  0.0 ni, 37.4 id,  0.0 wa,  0.0 hi,  9.4 si,  0.0 st
%Cpu(s): 38.7 us,  9.8 sy,  0.0 ni, 42.2 id,  0.0 wa,  0.0 hi,  9.3 si,  0.0 st
%Cpu(s): 38.9 us,  8.9 sy,  0.0 ni, 41.9 id,  0.0 wa,  0.0 hi, 10.3 si,  0.0 st
%Cpu(s): 40.1 us,  8.9 sy,  0.0 ni, 39.1 id,  0.0 wa,  0.0 hi, 11.9 si,  0.0 st
%Cpu(s): 37.9 us,  8.9 sy,  0.0 ni, 43.3 id,  0.0 wa,  0.0 hi,  9.9 si,  0.0 st
%Cpu(s): 39.9 us,  7.4 sy,  0.0 ni, 41.9 id,  0.0 wa,  0.0 hi, 10.8 si,  0.0 st
%Cpu(s): 37.0 us,  9.0 sy,  0.0 ni, 44.0 id,  0.0 wa,  0.0 hi, 10.0 si,  0.0 st
%Cpu(s): 38.7 us, 10.3 sy,  0.0 ni, 41.7 id,  0.0 wa,  0.0 hi,  9.3 si,  0.0 st
%Cpu(s): 39.3 us,  8.5 sy,  0.0 ni, 41.8 id,  0.0 wa,  0.0 hi, 10.4 si,  0.0 st
%Cpu(s): 39.2 us,  7.4 sy,  0.0 ni, 42.2 id,  0.0 wa,  0.0 hi, 11.3 si,  0.0 st
%Cpu(s): 37.8 us,  8.5 sy,  0.0 ni, 43.8 id,  0.0 wa,  0.0 hi, 10.0 si,  0.0 st
%Cpu(s): 39.6 us,  8.4 sy,  0.0 ni, 40.6 id,  0.0 wa,  0.0 hi, 11.4 si,  0.0 st
%Cpu(s): 39.6 us,  9.4 sy,  0.0 ni, 41.6 id,  0.0 wa,  0.0 hi,  9.4 si,  0.0 st
%Cpu(s): 38.6 us,  7.7 sy,  0.0 ni, 43.0 id,  0.0 wa,  0.0 hi, 10.6 si,  0.0 st
%Cpu(s): 41.1 us,  8.4 sy,  0.0 ni, 41.1 id,  0.0 wa,  0.0 hi,  9.4 si,  0.0 st
%Cpu(s): 38.1 us, 10.4 sy,  0.0 ni, 42.1 id,  0.0 wa,  0.0 hi,  9.4 si,  0.0 st
%Cpu(s): 38.9 us,  9.4 sy,  0.0 ni, 41.9 id,  0.0 wa,  0.0 hi,  9.9 si,  0.0 st
%Cpu(s): 39.8 us,  9.5 sy,  0.0 ni, 39.8 id,  0.0 wa,  0.0 hi, 10.9 si,  0.0 st
%Cpu(s): 36.5 us, 11.3 sy,  0.0 ni, 43.3 id,  0.0 wa,  0.0 hi,  8.9 si,  0.0 st
%Cpu(s): 44.0 us, 11.5 sy,  0.0 ni, 35.0 id,  0.0 wa,  0.0 hi,  9.5 si,  0.0 st
%Cpu(s): 39.8 us, 10.0 sy,  0.0 ni, 40.8 id,  0.0 wa,  0.0 hi,  9.5 si,  0.0 st
%Cpu(s): 41.7 us,  9.3 sy,  0.0 ni, 38.7 id,  0.0 wa,  0.0 hi, 10.3 si,  0.0 st
%Cpu(s): 42.3 us,  9.5 sy,  0.0 ni, 39.3 id,  0.0 wa,  0.0 hi,  9.0 si,  0.0 st
%Cpu(s): 42.9 us,  8.9 sy,  0.0 ni, 37.9 id,  0.0 wa,  0.0 hi, 10.3 si,  0.0 st
%Cpu(s): 41.1 us,  8.9 sy,  0.0 ni, 39.6 id,  0.0 wa,  0.0 hi, 10.4 si,  0.0 st
%Cpu(s): 40.9 us, 10.3 sy,  0.0 ni, 38.4 id,  0.0 wa,  0.0 hi, 10.3 si,  0.0 st
%Cpu(s): 41.4 us,  9.4 sy,  0.0 ni, 38.9 id,  0.0 wa,  0.0 hi, 10.3 si,  0.0 st
%Cpu(s): 39.9 us,  9.9 sy,  0.0 ni, 39.9 id,  0.0 wa,  0.0 hi, 10.3 si,  0.0 st
%Cpu(s): 44.6 us,  8.3 sy,  0.0 ni, 37.7 id,  0.0 wa,  0.0 hi,  9.3 si,  0.0 st
%Cpu(s): 42.2 us,  8.3 sy,  0.0 ni, 38.7 id,  0.0 wa,  0.0 hi, 10.8 si,  0.0 st
%Cpu(s): 40.1 us,  8.9 sy,  0.0 ni, 40.6 id,  0.0 wa,  0.0 hi, 10.4 si,  0.0 st
%Cpu(s): 43.3 us,  8.4 sy,  0.0 ni, 38.4 id,  0.0 wa,  0.0 hi,  9.9 si,  0.0 st
%Cpu(s): 40.3 us,  9.0 sy,  0.0 ni, 40.8 id,  0.0 wa,  0.0 hi, 10.0 si,  0.0 st
%Cpu(s): 39.1 us, 11.1 sy,  0.0 ni, 39.6 id,  0.0 wa,  0.0 hi, 10.1 si,  0.0 st
%Cpu(s): 41.0 us,  8.0 sy,  0.0 ni, 42.0 id,  0.0 wa,  0.0 hi,  9.0 si,  0.0 st
%Cpu(s): 39.6 us, 10.1 sy,  0.0 ni, 40.1 id,  0.0 wa,  0.0 hi, 10.1 si,  0.0 st
%Cpu(s): 41.3 us, 10.0 sy,  0.0 ni, 38.3 id,  0.0 wa,  0.0 hi, 10.4 si,  0.0 st
%Cpu(s): 39.4 us,  8.9 sy,  0.0 ni, 40.9 id,  0.0 wa,  0.0 hi, 10.8 si,  0.0 st
%Cpu(s): 40.9 us,  9.9 sy,  0.0 ni, 38.4 id,  0.0 wa,  0.0 hi, 10.8 si,  0.0 st
%Cpu(s): 25.3 us,  7.6 sy,  0.0 ni, 62.6 id,  0.0 wa,  0.0 hi,  4.5 si,  0.0 st
%Cpu(s):  0.5 us,  0.5 sy,  0.0 ni, 99.0 id,  0.0 wa,  0.0 hi,  0.0 si,  0.0 st
%Cpu(s):  2.0 us,  1.0 sy,  0.0 ni, 96.6 id,  0.0 wa,  0.0 hi,  0.5 si,  0.0 st
%Cpu(s):  0.5 us,  1.0 sy,  0.0 ni, 98.5 id,  0.0 wa,  0.0 hi,  0.0 si,  0.0 st
%Cpu(s):  1.0 us,  0.5 sy,  0.0 ni, 98.5 id,  0.0 wa,  0.0 hi,  0.0 si,  0.0 st
%Cpu(s):  0.5 us,  0.5 sy,  0.0 ni, 99.0 id,  0.0 wa,  0.0 hi,  0.0 si,  0.0 st
%Cpu(s):  0.5 us,  0.5 sy,  0.0 ni, 99.0 id,  0.0 wa,  0.0 hi,  0.0 si,  0.0 st
%Cpu(s):  1.0 us,  0.5 sy,  0.0 ni, 98.5 id,  0.0 wa,  0.0 hi,  0.0 si,  0.0 st
%Cpu(s):  0.5 us,  1.0 sy,  0.0 ni, 98.5 id,  0.0 wa,  0.0 hi,  0.0 si,  0.0 st
%Cpu(s):  0.5 us,  0.5 sy,  0.0 ni, 98.5 id,  0.0 wa,  0.0 hi,  0.5 si,  0.0 st
%Cpu(s):  2.0 us,  0.5 sy,  0.0 ni, 97.5 id,  0.0 wa,  0.0 hi,  0.0 si,  0.0 st
%Cpu(s):  2.5 us,  3.0 sy,  0.0 ni, 94.5 id,  0.0 wa,  0.0 hi,  0.0 si,  0.0 st
