%Cpu(s): 44.1 us, 26.5 sy,  0.0 ni,  2.9 id,  0.0 wa,  0.0 hi, 26.5 si,  0.0 st
%Cpu(s): 43.1 us, 26.0 sy,  0.0 ni,  2.9 id,  0.0 wa,  0.0 hi, 27.9 si,  0.0 st
%Cpu(s): 44.3 us, 26.1 sy,  0.0 ni,  3.4 id,  0.0 wa,  0.0 hi, 26.1 si,  0.0 st
%Cpu(s): 43.1 us, 26.7 sy,  0.0 ni,  2.5 id,  0.0 wa,  0.0 hi, 27.7 si,  0.0 st
%Cpu(s): 45.6 us, 25.5 sy,  0.0 ni,  1.0 id,  0.0 wa,  0.0 hi, 27.9 si,  0.0 st
%Cpu(s): 46.9 us, 26.1 sy,  0.0 ni,  2.4 id,  0.0 wa,  0.0 hi, 24.6 si,  0.0 st
%Cpu(s): 44.6 us, 27.0 sy,  0.0 ni,  0.0 id,  0.0 wa,  0.0 hi, 28.4 si,  0.0 st
%Cpu(s): 44.6 us, 25.5 sy,  0.0 ni,  0.0 id,  0.0 wa,  0.0 hi, 29.9 si,  0.0 st
%Cpu(s): 44.7 us, 27.2 sy,  0.0 ni,  0.5 id,  0.0 wa,  0.0 hi, 27.7 si,  0.0 st
%Cpu(s): 45.7 us, 25.7 sy,  0.0 ni,  0.0 id,  0.0 wa,  0.0 hi, 28.6 si,  0.0 st
%Cpu(s): 45.5 us, 24.8 sy,  0.0 ni,  1.5 id,  0.0 wa,  0.0 hi, 28.2 si,  0.0 st
%Cpu(s): 43.7 us, 25.2 sy,  0.0 ni,  1.5 id,  0.0 wa,  0.0 hi, 29.6 si,  0.0 st
%Cpu(s): 44.3 us, 29.5 sy,  0.0 ni,  0.0 id,  0.0 wa,  0.0 hi, 26.2 si,  0.0 st
%Cpu(s): 41.7 us, 27.5 sy,  0.0 ni,  0.5 id,  0.0 wa,  0.0 hi, 30.3 si,  0.0 st
%Cpu(s): 45.4 us, 26.8 sy,  0.0 ni,  0.5 id,  0.0 wa,  0.0 hi, 27.3 si,  0.0 st
%Cpu(s): 44.6 us, 24.0 sy,  0.0 ni,  0.5 id,  0.0 wa,  0.0 hi, 30.9 si,  0.0 st
%Cpu(s): 44.7 us, 26.2 sy,  0.0 ni,  1.0 id,  0.0 wa,  0.0 hi, 28.2 si,  0.0 st
%Cpu(s): 45.1 us, 25.0 sy,  0.0 ni,  0.5 id,  0.0 wa,  0.0 hi, 29.4 si,  0.0 st
%Cpu(s): 43.8 us, 27.6 sy,  0.0 ni,  0.0 id,  0.0 wa,  0.0 hi, 28.6 si,  0.0 st
%Cpu(s): 41.0 us, 28.3 sy,  0.0 ni,  1.5 id,  0.0 wa,  0.0 hi, 29.3 si,  0.0 st
%Cpu(s): 44.1 us, 27.0 sy,  0.0 ni,  0.5 id,  0.0 wa,  0.0 hi, 28.4 si,  0.0 st
%Cpu(s): 45.1 us, 26.5 sy,  0.0 ni,  0.0 id,  0.0 wa,  0.0 hi, 28.4 si,  0.0 st
%Cpu(s): 46.8 us, 25.9 sy,  0.0 ni,  0.0 id,  0.0 wa,  0.0 hi, 27.3 si,  0.0 st
%Cpu(s): 44.9 us, 27.3 sy,  0.0 ni,  0.0 id,  0.0 wa,  0.0 hi, 27.8 si,  0.0 st
%Cpu(s): 44.6 us, 25.2 sy,  0.0 ni,  1.5 id,  0.0 wa,  0.0 hi, 28.7 si,  0.0 st
%Cpu(s): 42.4 us, 26.1 sy,  0.0 ni,  3.9 id,  0.0 wa,  0.0 hi, 27.6 si,  0.0 st
%Cpu(s): 44.8 us, 25.4 sy,  0.0 ni,  2.5 id,  0.0 wa,  0.0 hi, 27.4 si,  0.0 st
%Cpu(s): 43.3 us, 25.4 sy,  0.0 ni,  2.5 id,  0.0 wa,  0.0 hi, 28.9 si,  0.0 st
%Cpu(s): 42.8 us, 25.4 sy,  0.0 ni,  4.0 id,  0.0 wa,  0.0 hi, 27.9 si,  0.0 st
%Cpu(s): 43.1 us, 25.0 sy,  0.0 ni,  3.4 id,  0.0 wa,  0.0 hi, 28.4 si,  0.0 st
%Cpu(s): 42.1 us, 26.7 sy,  0.0 ni,  3.0 id,  0.0 wa,  0.0 hi, 28.2 si,  0.0 st
%Cpu(s): 43.6 us, 24.3 sy,  0.0 ni,  1.8 id,  0.0 wa,  0.0 hi, 30.3 si,  0.0 st
%Cpu(s): 46.8 us, 28.1 sy,  0.0 ni,  2.0 id,  0.0 wa,  0.0 hi, 23.2 si,  0.0 st
%Cpu(s): 44.7 us, 25.7 sy,  0.0 ni,  1.9 id,  0.0 wa,  0.0 hi, 27.7 si,  0.0 st
%Cpu(s): 43.3 us, 27.6 sy,  0.0 ni,  2.5 id,  0.0 wa,  0.0 hi, 26.6 si,  0.0 st
%Cpu(s): 45.3 us, 25.1 sy,  0.0 ni,  3.9 id,  0.0 wa,  0.0 hi, 25.6 si,  0.0 st
%Cpu(s): 43.3 us, 27.1 sy,  0.0 ni,  1.0 id,  0.0 wa,  0.0 hi, 28.6 si,  0.0 st
%Cpu(s): 41.9 us, 26.6 sy,  0.0 ni,  3.0 id,  0.0 wa,  0.0 hi, 28.6 si,  0.0 st
%Cpu(s): 46.9 us, 25.6 sy,  0.0 ni,  1.9 id,  0.0 wa,  0.0 hi, 25.6 si,  0.0 st
%Cpu(s): 43.3 us, 26.1 sy,  0.0 ni,  1.5 id,  0.0 wa,  0.0 hi, 29.1 si,  0.0 st
%Cpu(s): 44.4 us, 24.9 sy,  0.0 ni,  0.5 id,  0.0 wa,  0.0 hi, 30.2 si,  0.0 st
%Cpu(s): 21.4 us, 11.9 sy,  0.0 ni, 54.2 id,  0.0 wa,  0.0 hi, 12.4 si,  0.0 st
%Cpu(s):  0.5 us,  0.5 sy,  0.0 ni, 99.0 id,  0.0 wa,  0.0 hi,  0.0 si,  0.0 st
%Cpu(s):  1.0 us,  1.0 sy,  0.0 ni, 98.0 id,  0.0 wa,  0.0 hi,  0.0 si,  0.0 st
%Cpu(s): 13.1 us,  8.5 sy,  0.0 ni, 78.4 id,  0.0 wa,  0.0 hi,  0.0 si,  0.0 st
%Cpu(s):  2.0 us,  0.5 sy,  0.0 ni, 97.0 id,  0.0 wa,  0.0 hi,  0.5 si,  0.0 st
%Cpu(s):  0.5 us,  0.0 sy,  0.0 ni, 99.5 id,  0.0 wa,  0.0 hi,  0.0 si,  0.0 st
%Cpu(s):  1.5 us,  1.0 sy,  0.0 ni, 97.5 id,  0.0 wa,  0.0 hi,  0.0 si,  0.0 st
%Cpu(s):  0.5 us,  0.5 sy,  0.0 ni, 99.0 id,  0.0 wa,  0.0 hi,  0.0 si,  0.0 st
%Cpu(s):  2.5 us,  2.5 sy,  0.0 ni, 94.5 id,  0.0 wa,  0.0 hi,  0.5 si,  0.0 st
%Cpu(s):  1.0 us,  0.0 sy,  0.0 ni, 99.0 id,  0.0 wa,  0.0 hi,  0.0 si,  0.0 st
%Cpu(s):  6.0 us,  5.5 sy,  0.0 ni, 88.4 id,  0.0 wa,  0.0 hi,  0.0 si,  0.0 st
%Cpu(s):  6.6 us,  5.6 sy,  0.0 ni, 87.9 id,  0.0 wa,  0.0 hi,  0.0 si,  0.0 st
%Cpu(s):  5.0 us,  1.0 sy,  0.0 ni, 94.0 id,  0.0 wa,  0.0 hi,  0.0 si,  0.0 st
%Cpu(s):  1.5 us,  0.5 sy,  0.0 ni, 98.0 id,  0.0 wa,  0.0 hi,  0.0 si,  0.0 st
%Cpu(s):  3.5 us,  2.0 sy,  0.0 ni, 94.0 id,  0.0 wa,  0.0 hi,  0.5 si,  0.0 st
%Cpu(s):  0.5 us,  0.5 sy,  0.0 ni, 99.0 id,  0.0 wa,  0.0 hi,  0.0 si,  0.0 st
%Cpu(s):  1.0 us,  0.5 sy,  0.0 ni, 98.5 id,  0.0 wa,  0.0 hi,  0.0 si,  0.0 st
%Cpu(s):  3.0 us,  1.5 sy,  0.0 ni, 95.5 id,  0.0 wa,  0.0 hi,  0.0 si,  0.0 st
%Cpu(s):  3.5 us,  1.5 sy,  0.0 ni, 95.0 id,  0.0 wa,  0.0 hi,  0.0 si,  0.0 st
%Cpu(s):  3.0 us,  0.5 sy,  0.0 ni, 96.5 id,  0.0 wa,  0.0 hi,  0.0 si,  0.0 st
%Cpu(s):  4.4 us,  1.0 sy,  0.0 ni, 94.6 id,  0.0 wa,  0.0 hi,  0.0 si,  0.0 st
%Cpu(s):  3.0 us,  0.5 sy,  0.0 ni, 96.5 id,  0.0 wa,  0.0 hi,  0.0 si,  0.0 st
%Cpu(s):  6.4 us,  1.0 sy,  0.0 ni, 92.1 id,  0.0 wa,  0.0 hi,  0.5 si,  0.0 st
%Cpu(s):  4.9 us,  1.5 sy,  0.0 ni, 93.1 id,  0.0 wa,  0.0 hi,  0.5 si,  0.0 st
%Cpu(s):  3.0 us,  1.0 sy,  0.0 ni, 96.0 id,  0.0 wa,  0.0 hi,  0.0 si,  0.0 st
%Cpu(s):  3.0 us,  0.5 sy,  0.0 ni, 96.5 id,  0.0 wa,  0.0 hi,  0.0 si,  0.0 st
