%Cpu(s): 42.6 us, 29.4 sy,  0.0 ni,  4.4 id,  0.0 wa,  0.0 hi, 23.5 si,  0.0 st
%Cpu(s): 42.2 us, 31.4 sy,  0.0 ni,  2.0 id,  0.0 wa,  0.0 hi, 24.5 si,  0.0 st
%Cpu(s): 44.2 us, 30.1 sy,  0.0 ni,  1.5 id,  0.0 wa,  0.0 hi, 24.3 si,  0.0 st
%Cpu(s): 42.4 us, 31.0 sy,  0.0 ni,  0.0 id,  0.0 wa,  0.0 hi, 26.6 si,  0.0 st
%Cpu(s): 41.0 us, 33.2 sy,  0.0 ni,  1.0 id,  0.0 wa,  0.0 hi, 24.9 si,  0.0 st
%Cpu(s): 42.2 us, 30.4 sy,  0.0 ni,  2.0 id,  0.0 wa,  0.0 hi, 25.5 si,  0.0 st
%Cpu(s): 42.0 us, 30.9 sy,  0.0 ni,  1.4 id,  0.0 wa,  0.0 hi, 25.6 si,  0.0 st
%Cpu(s): 44.7 us, 31.1 sy,  0.0 ni,  1.0 id,  0.0 wa,  0.0 hi, 23.3 si,  0.0 st
%Cpu(s): 38.7 us, 32.4 sy,  0.0 ni,  1.0 id,  0.0 wa,  0.0 hi, 27.9 si,  0.0 st
%Cpu(s): 40.1 us, 30.7 sy,  0.0 ni,  2.0 id,  0.0 wa,  0.0 hi, 27.2 si,  0.0 st
%Cpu(s): 42.7 us, 31.1 sy,  0.0 ni,  0.5 id,  0.0 wa,  0.0 hi, 25.7 si,  0.0 st
%Cpu(s): 42.4 us, 29.1 sy,  0.0 ni,  2.5 id,  0.0 wa,  0.0 hi, 26.1 si,  0.0 st
%Cpu(s): 42.9 us, 29.8 sy,  0.0 ni,  0.5 id,  0.0 wa,  0.0 hi, 26.8 si,  0.0 st
%Cpu(s): 41.5 us, 31.4 sy,  0.0 ni,  0.0 id,  0.0 wa,  0.0 hi, 27.1 si,  0.0 st
%Cpu(s): 41.6 us, 31.3 sy,  0.0 ni,  0.0 id,  0.0 wa,  0.0 hi, 27.1 si,  0.0 st
%Cpu(s): 40.4 us, 36.5 sy,  0.0 ni,  0.5 id,  0.0 wa,  0.0 hi, 22.6 si,  0.0 st
%Cpu(s): 41.6 us, 31.1 sy,  0.0 ni,  0.5 id,  0.0 wa,  0.0 hi, 26.8 si,  0.0 st
%Cpu(s): 42.5 us, 31.9 sy,  0.0 ni,  1.0 id,  0.0 wa,  0.0 hi, 24.6 si,  0.0 st
%Cpu(s): 47.0 us, 31.3 sy,  0.0 ni,  0.0 id,  0.0 wa,  0.0 hi, 21.7 si,  0.0 st
%Cpu(s): 41.1 us, 30.9 sy,  0.0 ni,  0.5 id,  0.0 wa,  0.0 hi, 27.5 si,  0.0 st
%Cpu(s): 41.8 us, 33.8 sy,  0.0 ni,  0.0 id,  0.0 wa,  0.0 hi, 24.4 si,  0.0 st
%Cpu(s): 42.5 us, 31.1 sy,  0.0 ni,  0.5 id,  0.0 wa,  0.0 hi, 25.9 si,  0.0 st
%Cpu(s): 43.5 us, 31.6 sy,  0.0 ni,  0.0 id,  0.0 wa,  0.0 hi, 24.9 si,  0.0 st
%Cpu(s): 41.0 us, 30.7 sy,  0.0 ni,  0.5 id,  0.0 wa,  0.0 hi, 27.8 si,  0.0 st
%Cpu(s): 43.9 us, 29.3 sy,  0.0 ni,  1.5 id,  0.0 wa,  0.0 hi, 25.4 si,  0.0 st
%Cpu(s): 41.7 us, 31.1 sy,  0.0 ni,  1.0 id,  0.0 wa,  0.0 hi, 26.2 si,  0.0 st
%Cpu(s): 40.2 us, 32.5 sy,  0.0 ni,  0.5 id,  0.0 wa,  0.0 hi, 26.8 si,  0.0 st
%Cpu(s): 40.8 us, 33.0 sy,  0.0 ni,  0.0 id,  0.0 wa,  0.0 hi, 26.2 si,  0.0 st
%Cpu(s): 42.4 us, 32.4 sy,  0.0 ni,  0.5 id,  0.0 wa,  0.0 hi, 24.8 si,  0.0 st
%Cpu(s): 42.3 us, 30.8 sy,  0.0 ni,  0.5 id,  0.0 wa,  0.0 hi, 26.4 si,  0.0 st
%Cpu(s): 41.7 us, 31.1 sy,  0.0 ni,  0.0 id,  0.0 wa,  0.0 hi, 27.2 si,  0.0 st
%Cpu(s): 41.1 us, 31.1 sy,  0.0 ni,  1.0 id,  0.0 wa,  0.0 hi, 26.8 si,  0.0 st
%Cpu(s): 43.4 us, 31.7 sy,  0.0 ni,  2.0 id,  0.0 wa,  0.0 hi, 22.9 si,  0.0 st
%Cpu(s): 43.4 us, 33.2 sy,  0.0 ni,  1.5 id,  0.0 wa,  0.0 hi, 22.0 si,  0.0 st
%Cpu(s): 42.2 us, 29.9 sy,  0.0 ni,  2.4 id,  0.0 wa,  0.0 hi, 25.6 si,  0.0 st
%Cpu(s): 41.4 us, 33.0 sy,  0.0 ni,  1.5 id,  0.0 wa,  0.0 hi, 24.1 si,  0.0 st
%Cpu(s): 42.1 us, 30.7 sy,  0.0 ni,  3.5 id,  0.0 wa,  0.0 hi, 23.8 si,  0.0 st
%Cpu(s): 40.6 us, 31.2 sy,  0.0 ni,  4.0 id,  0.0 wa,  0.0 hi, 24.3 si,  0.0 st
%Cpu(s): 42.1 us, 30.2 sy,  0.0 ni,  1.5 id,  0.0 wa,  0.0 hi, 26.2 si,  0.0 st
%Cpu(s): 40.4 us, 31.5 sy,  0.0 ni,  2.0 id,  0.0 wa,  0.0 hi, 26.1 si,  0.0 st
%Cpu(s): 43.1 us, 28.9 sy,  0.0 ni,  2.9 id,  0.0 wa,  0.0 hi, 25.0 si,  0.0 st
%Cpu(s): 36.8 us, 31.3 sy,  0.0 ni,  2.5 id,  0.0 wa,  0.0 hi, 29.4 si,  0.0 st
%Cpu(s): 42.2 us, 31.4 sy,  0.0 ni,  2.0 id,  0.0 wa,  0.0 hi, 24.5 si,  0.0 st
%Cpu(s): 40.4 us, 32.5 sy,  0.0 ni,  1.5 id,  0.0 wa,  0.0 hi, 25.6 si,  0.0 st
%Cpu(s): 42.4 us, 31.2 sy,  0.0 ni,  1.0 id,  0.0 wa,  0.0 hi, 25.4 si,  0.0 st
%Cpu(s): 39.9 us, 32.2 sy,  0.0 ni,  0.5 id,  0.0 wa,  0.0 hi, 27.4 si,  0.0 st
%Cpu(s): 44.6 us, 30.9 sy,  0.0 ni,  0.0 id,  0.0 wa,  0.0 hi, 24.5 si,  0.0 st
%Cpu(s): 43.1 us, 30.3 sy,  0.0 ni,  1.9 id,  0.0 wa,  0.0 hi, 24.6 si,  0.0 st
%Cpu(s): 42.0 us, 31.2 sy,  0.0 ni,  1.0 id,  0.0 wa,  0.0 hi, 25.9 si,  0.0 st
%Cpu(s): 35.8 us, 29.4 sy,  0.0 ni, 10.3 id,  0.0 wa,  0.0 hi, 24.5 si,  0.0 st
%Cpu(s):  2.0 us,  2.0 sy,  0.0 ni, 95.5 id,  0.0 wa,  0.0 hi,  0.5 si,  0.0 st
%Cpu(s):  1.0 us,  0.5 sy,  0.0 ni, 98.5 id,  0.0 wa,  0.0 hi,  0.0 si,  0.0 st
%Cpu(s):  1.0 us,  1.0 sy,  0.0 ni, 98.0 id,  0.0 wa,  0.0 hi,  0.0 si,  0.0 st
%Cpu(s):  0.5 us,  1.0 sy,  0.0 ni, 98.0 id,  0.0 wa,  0.0 hi,  0.5 si,  0.0 st
%Cpu(s):  3.4 us,  0.5 sy,  0.0 ni, 96.1 id,  0.0 wa,  0.0 hi,  0.0 si,  0.0 st
%Cpu(s):  6.6 us,  7.1 sy,  0.0 ni, 86.4 id,  0.0 wa,  0.0 hi,  0.0 si,  0.0 st
%Cpu(s):  0.5 us,  0.5 sy,  0.0 ni, 99.0 id,  0.0 wa,  0.0 hi,  0.0 si,  0.0 st
%Cpu(s):  3.9 us,  1.5 sy,  0.0 ni, 94.1 id,  0.0 wa,  0.0 hi,  0.5 si,  0.0 st
%Cpu(s):  1.5 us,  1.0 sy,  0.0 ni, 97.0 id,  0.5 wa,  0.0 hi,  0.0 si,  0.0 st
%Cpu(s):  3.4 us,  1.0 sy,  0.0 ni, 95.6 id,  0.0 wa,  0.0 hi,  0.0 si,  0.0 st
%Cpu(s):  1.0 us,  1.0 sy,  0.0 ni, 98.0 id,  0.0 wa,  0.0 hi,  0.0 si,  0.0 st
