%Cpu(s): 73.1 us, 14.9 sy,  0.0 ni,  1.5 id,  0.0 wa,  0.0 hi, 10.4 si,  0.0 st
%Cpu(s): 71.2 us, 15.1 sy,  0.0 ni,  1.5 id,  0.0 wa,  0.0 hi, 12.2 si,  0.0 st
%Cpu(s): 68.6 us, 17.6 sy,  0.0 ni,  1.0 id,  0.0 wa,  0.0 hi, 12.7 si,  0.0 st
%Cpu(s): 69.8 us, 15.6 sy,  0.0 ni,  2.0 id,  0.0 wa,  0.0 hi, 12.7 si,  0.0 st
%Cpu(s): 70.8 us, 17.3 sy,  0.0 ni,  1.0 id,  0.0 wa,  0.0 hi, 10.9 si,  0.0 st
%Cpu(s): 69.8 us, 15.1 sy,  0.0 ni,  2.4 id,  0.0 wa,  0.0 hi, 12.7 si,  0.0 st
%Cpu(s): 72.1 us, 14.7 sy,  0.0 ni,  1.0 id,  0.0 wa,  0.0 hi, 12.3 si,  0.0 st
%Cpu(s): 69.8 us, 16.6 sy,  0.0 ni,  1.5 id,  0.0 wa,  0.0 hi, 12.2 si,  0.0 st
%Cpu(s): 72.5 us, 15.7 sy,  0.0 ni,  1.5 id,  0.0 wa,  0.0 hi, 10.3 si,  0.0 st
%Cpu(s): 72.1 us, 15.9 sy,  0.0 ni,  1.0 id,  0.0 wa,  0.0 hi, 10.9 si,  0.0 st
%Cpu(s): 70.6 us, 15.7 sy,  0.0 ni,  1.0 id,  0.0 wa,  0.0 hi, 12.7 si,  0.0 st
%Cpu(s): 71.1 us, 16.2 sy,  0.0 ni,  1.5 id,  0.0 wa,  0.0 hi, 11.3 si,  0.0 st
%Cpu(s): 72.1 us, 15.2 sy,  0.0 ni,  1.5 id,  0.0 wa,  0.0 hi, 11.3 si,  0.0 st
%Cpu(s): 71.4 us, 15.5 sy,  0.0 ni,  1.9 id,  0.0 wa,  0.0 hi, 11.2 si,  0.0 st
%Cpu(s): 70.3 us, 14.9 sy,  0.0 ni,  1.5 id,  0.0 wa,  0.0 hi, 13.4 si,  0.0 st
%Cpu(s): 70.1 us, 16.2 sy,  0.0 ni,  2.5 id,  0.0 wa,  0.0 hi, 11.3 si,  0.0 st
%Cpu(s): 70.3 us, 16.3 sy,  0.0 ni,  1.4 id,  0.0 wa,  0.0 hi, 12.0 si,  0.0 st
%Cpu(s): 69.6 us, 15.2 sy,  0.0 ni,  1.5 id,  0.0 wa,  0.0 hi, 13.7 si,  0.0 st
%Cpu(s): 70.8 us, 15.3 sy,  0.0 ni,  2.5 id,  0.0 wa,  0.0 hi, 11.4 si,  0.0 st
%Cpu(s): 68.1 us, 16.2 sy,  0.0 ni,  3.4 id,  0.0 wa,  0.0 hi, 12.3 si,  0.0 st
%Cpu(s): 70.6 us, 16.2 sy,  0.0 ni,  1.0 id,  0.0 wa,  0.0 hi, 12.3 si,  0.0 st
%Cpu(s): 71.4 us, 14.8 sy,  0.0 ni,  1.5 id,  0.0 wa,  0.0 hi, 12.3 si,  0.0 st
%Cpu(s): 73.3 us, 14.9 sy,  0.0 ni,  1.5 id,  0.0 wa,  0.0 hi, 10.4 si,  0.0 st
%Cpu(s): 68.9 us, 16.5 sy,  0.0 ni,  1.5 id,  0.0 wa,  0.0 hi, 13.1 si,  0.0 st
%Cpu(s): 68.4 us, 18.9 sy,  0.0 ni,  1.0 id,  0.0 wa,  0.0 hi, 11.7 si,  0.0 st
%Cpu(s): 70.8 us, 15.8 sy,  0.0 ni,  1.0 id,  0.0 wa,  0.0 hi, 12.4 si,  0.0 st
%Cpu(s): 70.9 us, 16.3 sy,  0.0 ni,  1.5 id,  0.0 wa,  0.0 hi, 11.3 si,  0.0 st
%Cpu(s): 68.5 us, 17.2 sy,  0.0 ni,  2.0 id,  0.0 wa,  0.0 hi, 12.3 si,  0.0 st
%Cpu(s): 70.9 us, 16.3 sy,  0.0 ni,  1.5 id,  0.0 wa,  0.0 hi, 11.3 si,  0.0 st
%Cpu(s): 72.4 us, 14.3 sy,  0.0 ni,  1.0 id,  0.0 wa,  0.0 hi, 12.3 si,  0.0 st
%Cpu(s): 71.1 us, 16.9 sy,  0.0 ni,  1.0 id,  0.0 wa,  0.0 hi, 10.9 si,  0.0 st
%Cpu(s): 70.6 us, 16.7 sy,  0.0 ni,  1.5 id,  0.0 wa,  0.0 hi, 11.3 si,  0.0 st
%Cpu(s): 69.1 us, 16.7 sy,  0.0 ni,  2.0 id,  0.0 wa,  0.0 hi, 12.3 si,  0.0 st
%Cpu(s): 69.6 us, 17.2 sy,  0.0 ni,  2.0 id,  0.0 wa,  0.0 hi, 11.3 si,  0.0 st
%Cpu(s): 71.6 us, 15.7 sy,  0.0 ni,  1.5 id,  0.0 wa,  0.0 hi, 11.3 si,  0.0 st
%Cpu(s): 70.6 us, 16.7 sy,  0.0 ni,  1.0 id,  0.0 wa,  0.0 hi, 11.8 si,  0.0 st
%Cpu(s): 68.6 us, 16.7 sy,  0.0 ni,  2.0 id,  0.0 wa,  0.0 hi, 12.7 si,  0.0 st
%Cpu(s): 70.4 us, 16.7 sy,  0.0 ni,  1.0 id,  0.0 wa,  0.0 hi, 11.8 si,  0.0 st
%Cpu(s): 70.0 us, 15.3 sy,  0.0 ni,  3.4 id,  0.0 wa,  0.0 hi, 11.3 si,  0.0 st
%Cpu(s): 69.6 us, 16.2 sy,  0.0 ni,  2.0 id,  0.0 wa,  0.0 hi, 12.3 si,  0.0 st
%Cpu(s): 68.7 us, 20.4 sy,  0.0 ni,  0.5 id,  0.0 wa,  0.0 hi, 10.4 si,  0.0 st
%Cpu(s): 72.8 us, 15.3 sy,  0.0 ni,  1.0 id,  0.0 wa,  0.0 hi, 10.9 si,  0.0 st
%Cpu(s): 70.8 us, 14.9 sy,  0.0 ni,  2.5 id,  0.0 wa,  0.0 hi, 11.9 si,  0.0 st
%Cpu(s): 70.0 us, 15.8 sy,  0.0 ni,  1.5 id,  0.0 wa,  0.0 hi, 12.8 si,  0.0 st
%Cpu(s): 68.5 us, 17.2 sy,  0.0 ni,  3.9 id,  0.0 wa,  0.0 hi, 10.3 si,  0.0 st
%Cpu(s):  4.0 us,  2.0 sy,  0.0 ni, 94.0 id,  0.0 wa,  0.0 hi,  0.0 si,  0.0 st
%Cpu(s): 10.5 us,  6.5 sy,  0.0 ni, 82.5 id,  0.0 wa,  0.0 hi,  0.5 si,  0.0 st
%Cpu(s):  6.5 us,  2.0 sy,  0.0 ni, 91.5 id,  0.0 wa,  0.0 hi,  0.0 si,  0.0 st
%Cpu(s):  5.0 us,  1.0 sy,  0.0 ni, 93.5 id,  0.0 wa,  0.0 hi,  0.5 si,  0.0 st
%Cpu(s):  4.5 us,  2.0 sy,  0.0 ni, 93.1 id,  0.0 wa,  0.0 hi,  0.5 si,  0.0 st
%Cpu(s):  5.9 us,  2.0 sy,  0.0 ni, 91.6 id,  0.0 wa,  0.0 hi,  0.5 si,  0.0 st
%Cpu(s):  4.5 us,  1.0 sy,  0.0 ni, 94.0 id,  0.0 wa,  0.0 hi,  0.5 si,  0.0 st
%Cpu(s):  5.5 us,  1.0 sy,  0.0 ni, 93.0 id,  0.0 wa,  0.0 hi,  0.5 si,  0.0 st
%Cpu(s):  2.5 us,  2.0 sy,  0.0 ni, 95.5 id,  0.0 wa,  0.0 hi,  0.0 si,  0.0 st
%Cpu(s):  2.5 us,  1.0 sy,  0.0 ni, 94.5 id,  1.5 wa,  0.0 hi,  0.5 si,  0.0 st
%Cpu(s):  1.5 us,  1.0 sy,  0.0 ni, 97.5 id,  0.0 wa,  0.0 hi,  0.0 si,  0.0 st
%Cpu(s):  4.5 us,  1.5 sy,  0.0 ni, 93.6 id,  0.0 wa,  0.0 hi,  0.5 si,  0.0 st
%Cpu(s):  1.5 us,  1.0 sy,  0.0 ni, 97.5 id,  0.0 wa,  0.0 hi,  0.0 si,  0.0 st
%Cpu(s):  2.0 us,  1.0 sy,  0.0 ni, 97.0 id,  0.0 wa,  0.0 hi,  0.0 si,  0.0 st
%Cpu(s):  1.5 us,  1.0 sy,  0.0 ni, 97.5 id,  0.0 wa,  0.0 hi,  0.0 si,  0.0 st
%Cpu(s):  1.5 us,  1.0 sy,  0.0 ni, 97.5 id,  0.0 wa,  0.0 hi,  0.0 si,  0.0 st
%Cpu(s):  1.0 us,  0.5 sy,  0.0 ni, 98.0 id,  0.0 wa,  0.0 hi,  0.5 si,  0.0 st
%Cpu(s):  2.0 us,  1.0 sy,  0.0 ni, 97.0 id,  0.0 wa,  0.0 hi,  0.0 si,  0.0 st
%Cpu(s):  1.0 us,  0.5 sy,  0.0 ni, 98.5 id,  0.0 wa,  0.0 hi,  0.0 si,  0.0 st
%Cpu(s):  9.0 us,  6.5 sy,  0.0 ni, 84.0 id,  0.0 wa,  0.0 hi,  0.5 si,  0.0 st
%Cpu(s):  1.5 us,  1.0 sy,  0.0 ni, 97.5 id,  0.0 wa,  0.0 hi,  0.0 si,  0.0 st
%Cpu(s):  3.0 us,  4.0 sy,  0.0 ni, 92.5 id,  0.0 wa,  0.0 hi,  0.5 si,  0.0 st
%Cpu(s):  1.5 us,  0.5 sy,  0.0 ni, 98.0 id,  0.0 wa,  0.0 hi,  0.0 si,  0.0 st
%Cpu(s):  1.5 us,  1.5 sy,  0.0 ni, 96.5 id,  0.0 wa,  0.0 hi,  0.5 si,  0.0 st
