%Cpu(s): 41.2 us, 30.9 sy,  0.0 ni,  0.0 id,  0.0 wa,  0.0 hi, 27.9 si,  0.0 st
%Cpu(s): 42.9 us, 29.3 sy,  0.0 ni,  1.0 id,  0.0 wa,  0.0 hi, 26.8 si,  0.0 st
%Cpu(s): 43.6 us, 28.9 sy,  0.0 ni,  1.5 id,  0.0 wa,  0.0 hi, 26.0 si,  0.0 st
%Cpu(s): 40.2 us, 29.9 sy,  0.0 ni,  2.0 id,  0.0 wa,  0.0 hi, 27.9 si,  0.0 st
%Cpu(s): 42.2 us, 33.0 sy,  0.0 ni,  1.0 id,  0.0 wa,  0.0 hi, 23.8 si,  0.0 st
%Cpu(s): 43.1 us, 28.4 sy,  0.0 ni,  2.0 id,  0.0 wa,  0.0 hi, 26.5 si,  0.0 st
%Cpu(s): 41.0 us, 29.3 sy,  0.0 ni,  2.4 id,  0.0 wa,  0.0 hi, 27.3 si,  0.0 st
%Cpu(s): 43.7 us, 27.2 sy,  0.0 ni,  1.5 id,  0.0 wa,  0.0 hi, 27.7 si,  0.0 st
%Cpu(s): 41.6 us, 29.2 sy,  0.0 ni,  3.0 id,  0.0 wa,  0.0 hi, 26.2 si,  0.0 st
%Cpu(s): 41.1 us, 27.2 sy,  0.0 ni,  4.0 id,  0.0 wa,  0.0 hi, 27.7 si,  0.0 st
%Cpu(s): 41.2 us, 28.4 sy,  0.0 ni,  3.4 id,  0.0 wa,  0.0 hi, 27.0 si,  0.0 st
%Cpu(s): 39.5 us, 29.5 sy,  0.0 ni,  5.5 id,  0.0 wa,  0.0 hi, 25.5 si,  0.0 st
%Cpu(s): 42.7 us, 26.1 sy,  0.0 ni,  4.0 id,  0.0 wa,  0.0 hi, 27.1 si,  0.0 st
%Cpu(s): 39.9 us, 27.6 sy,  0.0 ni,  2.0 id,  0.0 wa,  0.0 hi, 30.5 si,  0.0 st
%Cpu(s): 44.4 us, 26.8 sy,  0.0 ni,  2.9 id,  0.0 wa,  0.0 hi, 25.9 si,  0.0 st
%Cpu(s): 41.0 us, 27.3 sy,  0.0 ni,  2.4 id,  0.0 wa,  0.0 hi, 29.3 si,  0.0 st
%Cpu(s): 45.3 us, 26.6 sy,  0.0 ni,  2.0 id,  0.0 wa,  0.0 hi, 26.1 si,  0.0 st
%Cpu(s): 41.2 us, 29.4 sy,  0.0 ni,  2.5 id,  0.0 wa,  0.0 hi, 27.0 si,  0.0 st
%Cpu(s): 39.7 us, 30.9 sy,  0.0 ni,  3.4 id,  0.0 wa,  0.0 hi, 26.0 si,  0.0 st
%Cpu(s): 43.1 us, 27.5 sy,  0.0 ni,  1.0 id,  0.0 wa,  0.0 hi, 28.4 si,  0.0 st
%Cpu(s): 40.7 us, 29.9 sy,  0.0 ni,  0.5 id,  0.0 wa,  0.0 hi, 28.9 si,  0.0 st
%Cpu(s): 45.7 us, 28.1 sy,  0.0 ni,  1.0 id,  0.0 wa,  0.0 hi, 25.2 si,  0.0 st
%Cpu(s): 43.6 us, 26.5 sy,  0.0 ni,  0.5 id,  0.0 wa,  0.0 hi, 29.4 si,  0.0 st
%Cpu(s): 43.6 us, 30.4 sy,  0.0 ni,  1.5 id,  0.0 wa,  0.0 hi, 24.5 si,  0.0 st
%Cpu(s): 42.7 us, 31.1 sy,  0.0 ni,  0.5 id,  0.0 wa,  0.0 hi, 25.7 si,  0.0 st
%Cpu(s): 42.0 us, 28.3 sy,  0.0 ni,  1.0 id,  0.0 wa,  0.0 hi, 28.8 si,  0.0 st
%Cpu(s): 42.4 us, 27.8 sy,  0.0 ni,  1.0 id,  0.0 wa,  0.0 hi, 28.8 si,  0.0 st
%Cpu(s): 44.4 us, 29.8 sy,  0.0 ni,  1.0 id,  0.0 wa,  0.0 hi, 24.9 si,  0.0 st
%Cpu(s): 42.7 us, 29.6 sy,  0.0 ni,  0.0 id,  0.0 wa,  0.0 hi, 27.7 si,  0.0 st
%Cpu(s): 43.1 us, 28.9 sy,  0.0 ni,  1.0 id,  0.0 wa,  0.0 hi, 27.0 si,  0.0 st
%Cpu(s): 44.9 us, 28.3 sy,  0.0 ni,  1.5 id,  0.0 wa,  0.0 hi, 25.4 si,  0.0 st
%Cpu(s): 42.2 us, 28.4 sy,  0.0 ni,  0.5 id,  0.0 wa,  0.0 hi, 28.9 si,  0.0 st
%Cpu(s): 41.1 us, 29.5 sy,  0.0 ni,  0.5 id,  0.0 wa,  0.0 hi, 29.0 si,  0.0 st
%Cpu(s): 41.9 us, 30.0 sy,  0.0 ni,  1.0 id,  0.0 wa,  0.0 hi, 27.1 si,  0.0 st
%Cpu(s): 44.1 us, 27.0 sy,  0.0 ni,  1.5 id,  0.0 wa,  0.0 hi, 27.5 si,  0.0 st
%Cpu(s): 40.3 us, 29.4 sy,  0.0 ni,  2.0 id,  0.0 wa,  0.0 hi, 28.4 si,  0.0 st
%Cpu(s): 43.6 us, 29.7 sy,  0.0 ni,  1.5 id,  0.0 wa,  0.0 hi, 25.2 si,  0.0 st
%Cpu(s): 43.9 us, 29.3 sy,  0.0 ni,  1.0 id,  0.0 wa,  0.0 hi, 25.9 si,  0.0 st
%Cpu(s): 42.2 us, 28.4 sy,  0.0 ni,  2.5 id,  0.0 wa,  0.0 hi, 27.0 si,  0.0 st
%Cpu(s): 41.9 us, 27.6 sy,  0.0 ni,  2.5 id,  0.0 wa,  0.0 hi, 28.1 si,  0.0 st
%Cpu(s): 43.0 us, 26.1 sy,  0.0 ni,  3.4 id,  0.0 wa,  0.0 hi, 27.5 si,  0.0 st
%Cpu(s): 43.4 us, 29.3 sy,  0.0 ni,  3.9 id,  0.0 wa,  0.0 hi, 23.4 si,  0.0 st
%Cpu(s): 41.1 us, 30.2 sy,  0.0 ni,  2.5 id,  0.0 wa,  0.0 hi, 26.2 si,  0.0 st
%Cpu(s): 42.6 us, 28.4 sy,  0.0 ni,  2.0 id,  0.0 wa,  0.0 hi, 27.0 si,  0.0 st
%Cpu(s): 41.4 us, 30.5 sy,  0.0 ni,  3.0 id,  0.0 wa,  0.0 hi, 25.1 si,  0.0 st
%Cpu(s): 44.6 us, 28.2 sy,  0.0 ni,  3.0 id,  0.0 wa,  0.0 hi, 24.3 si,  0.0 st
%Cpu(s): 41.5 us, 28.8 sy,  0.0 ni,  2.9 id,  0.0 wa,  0.0 hi, 26.8 si,  0.0 st
%Cpu(s): 44.6 us, 27.9 sy,  0.0 ni,  0.0 id,  0.0 wa,  0.0 hi, 27.5 si,  0.0 st
%Cpu(s): 40.6 us, 29.2 sy,  0.0 ni,  3.0 id,  0.0 wa,  0.0 hi, 27.2 si,  0.0 st
%Cpu(s): 42.4 us, 29.6 sy,  0.0 ni,  2.5 id,  0.0 wa,  0.0 hi, 25.6 si,  0.0 st
%Cpu(s): 12.3 us,  6.4 sy,  0.0 ni, 76.5 id,  0.0 wa,  0.0 hi,  4.9 si,  0.0 st
%Cpu(s):  3.9 us,  1.0 sy,  0.0 ni, 94.6 id,  0.0 wa,  0.0 hi,  0.5 si,  0.0 st
%Cpu(s):  0.5 us,  1.0 sy,  0.0 ni, 98.5 id,  0.0 wa,  0.0 hi,  0.0 si,  0.0 st
%Cpu(s):  3.0 us,  1.0 sy,  0.0 ni, 96.0 id,  0.0 wa,  0.0 hi,  0.0 si,  0.0 st
%Cpu(s):  2.0 us,  0.5 sy,  0.0 ni, 97.5 id,  0.0 wa,  0.0 hi,  0.0 si,  0.0 st
%Cpu(s):  1.0 us,  0.5 sy,  0.0 ni, 98.5 id,  0.0 wa,  0.0 hi,  0.0 si,  0.0 st
%Cpu(s):  0.0 us,  1.0 sy,  0.0 ni, 99.0 id,  0.0 wa,  0.0 hi,  0.0 si,  0.0 st
%Cpu(s):  1.5 us,  0.5 sy,  0.0 ni, 97.5 id,  0.0 wa,  0.0 hi,  0.5 si,  0.0 st
%Cpu(s):  0.5 us,  0.5 sy,  0.0 ni, 99.0 id,  0.0 wa,  0.0 hi,  0.0 si,  0.0 st
%Cpu(s):  1.0 us,  1.0 sy,  0.0 ni, 98.0 id,  0.0 wa,  0.0 hi,  0.0 si,  0.0 st
%Cpu(s):  1.5 us,  1.0 sy,  0.0 ni, 97.5 id,  0.0 wa,  0.0 hi,  0.0 si,  0.0 st
%Cpu(s):  4.9 us,  1.5 sy,  0.0 ni, 93.6 id,  0.0 wa,  0.0 hi,  0.0 si,  0.0 st
