%Cpu(s): 40.0 us, 29.3 sy,  0.0 ni,  1.3 id,  0.0 wa,  0.0 hi, 29.3 si,  0.0 st
%Cpu(s): 40.7 us, 31.9 sy,  0.0 ni,  0.0 id,  0.0 wa,  0.0 hi, 27.5 si,  0.0 st
%Cpu(s): 42.2 us, 30.4 sy,  0.0 ni,  0.5 id,  0.0 wa,  0.0 hi, 27.0 si,  0.0 st
%Cpu(s): 43.2 us, 29.6 sy,  0.0 ni,  1.0 id,  0.0 wa,  0.0 hi, 26.2 si,  0.0 st
%Cpu(s): 41.9 us, 31.0 sy,  0.0 ni,  1.5 id,  0.0 wa,  0.0 hi, 25.6 si,  0.0 st
%Cpu(s): 41.9 us, 29.1 sy,  0.0 ni,  2.5 id,  0.0 wa,  0.0 hi, 26.6 si,  0.0 st
%Cpu(s): 43.6 us, 29.4 sy,  0.0 ni,  0.5 id,  0.0 wa,  0.0 hi, 26.5 si,  0.0 st
%Cpu(s): 42.9 us, 32.0 sy,  0.0 ni,  0.0 id,  0.0 wa,  0.0 hi, 25.1 si,  0.0 st
%Cpu(s): 42.4 us, 29.8 sy,  0.0 ni,  0.5 id,  0.0 wa,  0.0 hi, 27.3 si,  0.0 st
%Cpu(s): 39.2 us, 31.4 sy,  0.0 ni,  0.5 id,  0.0 wa,  0.0 hi, 28.9 si,  0.0 st
%Cpu(s): 40.7 us, 32.2 sy,  0.0 ni,  0.0 id,  0.0 wa,  0.0 hi, 27.1 si,  0.0 st
%Cpu(s): 42.9 us, 30.0 sy,  0.0 ni,  0.5 id,  0.0 wa,  0.0 hi, 26.6 si,  0.0 st
%Cpu(s): 40.5 us, 31.2 sy,  0.0 ni,  0.5 id,  0.0 wa,  0.0 hi, 27.8 si,  0.0 st
%Cpu(s): 42.0 us, 29.3 sy,  0.0 ni,  0.5 id,  0.0 wa,  0.0 hi, 28.3 si,  0.0 st
%Cpu(s): 41.2 us, 31.4 sy,  0.0 ni,  0.0 id,  0.0 wa,  0.0 hi, 27.5 si,  0.0 st
%Cpu(s): 40.7 us, 30.9 sy,  0.0 ni,  0.0 id,  0.0 wa,  0.0 hi, 28.4 si,  0.0 st
%Cpu(s): 39.7 us, 31.9 sy,  0.0 ni,  0.0 id,  0.0 wa,  0.0 hi, 28.4 si,  0.0 st
%Cpu(s): 46.3 us, 31.0 sy,  0.0 ni,  1.0 id,  0.0 wa,  0.0 hi, 21.7 si,  0.0 st
%Cpu(s): 42.9 us, 30.7 sy,  0.0 ni,  1.0 id,  0.0 wa,  0.0 hi, 25.4 si,  0.0 st
%Cpu(s): 42.0 us, 30.7 sy,  0.0 ni,  0.5 id,  0.0 wa,  0.0 hi, 26.8 si,  0.0 st
%Cpu(s): 42.7 us, 32.0 sy,  0.0 ni,  0.5 id,  0.0 wa,  0.0 hi, 24.8 si,  0.0 st
%Cpu(s): 40.2 us, 31.4 sy,  0.0 ni,  0.0 id,  0.0 wa,  0.0 hi, 28.4 si,  0.0 st
%Cpu(s): 40.6 us, 32.9 sy,  0.0 ni,  1.0 id,  0.0 wa,  0.0 hi, 25.6 si,  0.0 st
%Cpu(s): 41.7 us, 30.9 sy,  0.0 ni,  0.5 id,  0.0 wa,  0.0 hi, 27.0 si,  0.0 st
%Cpu(s): 41.7 us, 30.4 sy,  0.0 ni,  1.0 id,  0.0 wa,  0.0 hi, 27.0 si,  0.0 st
%Cpu(s): 44.1 us, 29.4 sy,  0.0 ni,  0.0 id,  0.0 wa,  0.0 hi, 26.5 si,  0.0 st
%Cpu(s): 39.9 us, 32.5 sy,  0.0 ni,  0.0 id,  0.0 wa,  0.0 hi, 27.6 si,  0.0 st
%Cpu(s): 42.9 us, 28.8 sy,  0.0 ni,  0.5 id,  0.0 wa,  0.0 hi, 27.8 si,  0.0 st
%Cpu(s): 42.9 us, 29.3 sy,  0.0 ni,  1.5 id,  0.0 wa,  0.0 hi, 26.3 si,  0.0 st
%Cpu(s): 40.5 us, 31.0 sy,  0.0 ni,  3.5 id,  0.0 wa,  0.0 hi, 25.0 si,  0.0 st
%Cpu(s): 43.1 us, 28.7 sy,  0.0 ni,  4.5 id,  0.0 wa,  0.0 hi, 23.8 si,  0.0 st
%Cpu(s): 40.7 us, 30.4 sy,  0.0 ni,  3.4 id,  0.0 wa,  0.0 hi, 25.5 si,  0.0 st
%Cpu(s): 45.6 us, 28.6 sy,  0.0 ni,  1.9 id,  0.0 wa,  0.0 hi, 23.8 si,  0.0 st
%Cpu(s): 43.8 us, 32.8 sy,  0.0 ni,  3.0 id,  0.0 wa,  0.0 hi, 20.4 si,  0.0 st
%Cpu(s): 42.1 us, 29.7 sy,  0.0 ni,  2.5 id,  0.0 wa,  0.0 hi, 25.7 si,  0.0 st
%Cpu(s): 40.9 us, 28.6 sy,  0.0 ni,  3.4 id,  0.0 wa,  0.0 hi, 27.1 si,  0.0 st
%Cpu(s): 39.7 us, 29.1 sy,  0.0 ni,  5.5 id,  0.0 wa,  0.0 hi, 25.6 si,  0.0 st
%Cpu(s): 43.6 us, 28.7 sy,  0.0 ni,  3.5 id,  0.0 wa,  0.0 hi, 24.3 si,  0.0 st
%Cpu(s): 42.4 us, 30.5 sy,  0.0 ni,  1.0 id,  0.0 wa,  0.0 hi, 26.1 si,  0.0 st
%Cpu(s): 44.3 us, 28.1 sy,  0.0 ni,  1.5 id,  0.0 wa,  0.0 hi, 26.1 si,  0.0 st
%Cpu(s): 42.0 us, 31.2 sy,  0.0 ni,  2.0 id,  0.0 wa,  0.0 hi, 24.9 si,  0.0 st
%Cpu(s): 43.8 us, 28.4 sy,  0.0 ni,  2.0 id,  0.0 wa,  0.0 hi, 25.9 si,  0.0 st
%Cpu(s): 41.6 us, 29.7 sy,  0.0 ni,  1.5 id,  0.0 wa,  0.0 hi, 27.2 si,  0.0 st
%Cpu(s): 44.4 us, 29.3 sy,  0.0 ni,  0.5 id,  0.0 wa,  0.0 hi, 25.9 si,  0.0 st
%Cpu(s): 42.2 us, 29.4 sy,  0.0 ni,  0.0 id,  0.0 wa,  0.0 hi, 28.4 si,  0.0 st
%Cpu(s): 40.9 us, 31.7 sy,  0.0 ni,  1.0 id,  0.0 wa,  0.0 hi, 26.4 si,  0.0 st
%Cpu(s): 41.9 us, 31.5 sy,  0.0 ni,  1.5 id,  0.0 wa,  0.0 hi, 25.1 si,  0.0 st
%Cpu(s): 41.0 us, 30.7 sy,  0.0 ni,  0.5 id,  0.0 wa,  0.0 hi, 27.8 si,  0.0 st
%Cpu(s): 42.1 us, 29.7 sy,  0.0 ni,  0.0 id,  0.0 wa,  0.0 hi, 28.2 si,  0.0 st
%Cpu(s): 40.9 us, 30.8 sy,  0.0 ni,  0.0 id,  0.0 wa,  0.0 hi, 28.4 si,  0.0 st
%Cpu(s): 22.8 us, 15.3 sy,  0.0 ni, 48.0 id,  0.0 wa,  0.0 hi, 13.9 si,  0.0 st
%Cpu(s):  0.5 us,  0.5 sy,  0.0 ni, 98.5 id,  0.0 wa,  0.0 hi,  0.5 si,  0.0 st
%Cpu(s):  1.0 us,  1.5 sy,  0.0 ni, 97.5 id,  0.0 wa,  0.0 hi,  0.0 si,  0.0 st
%Cpu(s):  1.0 us,  0.5 sy,  0.0 ni, 98.5 id,  0.0 wa,  0.0 hi,  0.0 si,  0.0 st
%Cpu(s):  1.0 us,  0.5 sy,  0.0 ni, 98.5 id,  0.0 wa,  0.0 hi,  0.0 si,  0.0 st
%Cpu(s):  0.5 us,  0.0 sy,  0.0 ni, 99.5 id,  0.0 wa,  0.0 hi,  0.0 si,  0.0 st
%Cpu(s):  1.0 us,  1.0 sy,  0.0 ni, 98.0 id,  0.0 wa,  0.0 hi,  0.0 si,  0.0 st
%Cpu(s):  5.4 us,  1.5 sy,  0.0 ni, 93.1 id,  0.0 wa,  0.0 hi,  0.0 si,  0.0 st
%Cpu(s):  5.0 us,  6.0 sy,  0.0 ni, 88.5 id,  0.0 wa,  0.0 hi,  0.5 si,  0.0 st
%Cpu(s):  1.0 us,  0.5 sy,  0.0 ni, 98.5 id,  0.0 wa,  0.0 hi,  0.0 si,  0.0 st
%Cpu(s):  1.5 us,  0.5 sy,  0.0 ni, 97.5 id,  0.0 wa,  0.0 hi,  0.5 si,  0.0 st
%Cpu(s):  4.0 us,  1.5 sy,  0.0 ni, 94.5 id,  0.0 wa,  0.0 hi,  0.0 si,  0.0 st
%Cpu(s):  5.9 us,  2.5 sy,  0.0 ni, 91.2 id,  0.0 wa,  0.0 hi,  0.5 si,  0.0 st
%Cpu(s):  4.5 us,  1.0 sy,  0.0 ni, 94.6 id,  0.0 wa,  0.0 hi,  0.0 si,  0.0 st
