%Cpu(s): 50.7 us, 17.9 sy,  0.0 ni,  3.0 id,  0.0 wa,  0.0 hi, 28.4 si,  0.0 st
%Cpu(s): 45.6 us, 19.6 sy,  0.0 ni,  2.0 id,  0.0 wa,  0.0 hi, 32.8 si,  0.0 st
%Cpu(s): 46.2 us, 19.7 sy,  0.0 ni,  2.9 id,  0.0 wa,  0.0 hi, 31.2 si,  0.0 st
%Cpu(s): 46.3 us, 22.4 sy,  0.0 ni,  2.5 id,  0.0 wa,  0.0 hi, 28.9 si,  0.0 st
%Cpu(s): 44.1 us, 20.1 sy,  0.0 ni,  3.4 id,  0.0 wa,  0.0 hi, 32.4 si,  0.0 st
%Cpu(s): 44.6 us, 20.1 sy,  0.0 ni,  6.9 id,  0.0 wa,  0.0 hi, 28.4 si,  0.0 st
%Cpu(s): 44.6 us, 20.8 sy,  0.0 ni,  5.0 id,  0.0 wa,  0.0 hi, 29.7 si,  0.0 st
%Cpu(s): 44.3 us, 21.4 sy,  0.0 ni,  4.5 id,  0.0 wa,  0.0 hi, 29.9 si,  0.0 st
%Cpu(s): 46.0 us, 20.0 sy,  0.0 ni,  2.5 id,  0.0 wa,  0.0 hi, 31.5 si,  0.0 st
%Cpu(s): 47.8 us, 20.7 sy,  0.0 ni,  0.5 id,  0.0 wa,  0.0 hi, 31.0 si,  0.0 st
%Cpu(s): 45.8 us, 21.2 sy,  0.0 ni,  1.5 id,  0.0 wa,  0.0 hi, 31.5 si,  0.0 st
%Cpu(s): 44.8 us, 21.4 sy,  0.0 ni,  1.5 id,  0.0 wa,  0.0 hi, 32.3 si,  0.0 st
%Cpu(s): 44.8 us, 21.4 sy,  0.0 ni,  1.5 id,  0.0 wa,  0.0 hi, 32.3 si,  0.0 st
%Cpu(s): 43.1 us, 21.3 sy,  0.0 ni,  1.0 id,  0.0 wa,  0.0 hi, 34.7 si,  0.0 st
%Cpu(s): 45.9 us, 21.5 sy,  0.0 ni,  1.5 id,  0.0 wa,  0.0 hi, 31.2 si,  0.0 st
%Cpu(s): 44.8 us, 20.4 sy,  0.0 ni,  1.5 id,  0.0 wa,  0.0 hi, 33.3 si,  0.0 st
%Cpu(s): 44.3 us, 20.2 sy,  0.0 ni,  1.5 id,  0.0 wa,  0.0 hi, 34.0 si,  0.0 st
%Cpu(s): 45.5 us, 20.8 sy,  0.0 ni,  1.0 id,  0.0 wa,  0.0 hi, 32.7 si,  0.0 st
%Cpu(s): 44.8 us, 21.2 sy,  0.0 ni,  1.5 id,  0.0 wa,  0.0 hi, 32.5 si,  0.0 st
%Cpu(s): 44.6 us, 22.3 sy,  0.0 ni,  2.0 id,  0.0 wa,  0.0 hi, 31.2 si,  0.0 st
%Cpu(s): 47.3 us, 19.2 sy,  0.0 ni,  1.5 id,  0.0 wa,  0.0 hi, 32.0 si,  0.0 st
%Cpu(s): 46.5 us, 19.8 sy,  0.0 ni,  1.5 id,  0.0 wa,  0.0 hi, 32.2 si,  0.0 st
%Cpu(s): 45.9 us, 22.2 sy,  0.0 ni,  1.4 id,  0.0 wa,  0.0 hi, 30.4 si,  0.0 st
%Cpu(s): 47.1 us, 22.1 sy,  0.0 ni,  1.0 id,  0.0 wa,  0.0 hi, 29.9 si,  0.0 st
%Cpu(s): 47.0 us, 19.3 sy,  0.0 ni,  1.0 id,  0.0 wa,  0.0 hi, 32.7 si,  0.0 st
%Cpu(s): 44.8 us, 19.7 sy,  0.0 ni,  1.0 id,  0.0 wa,  0.0 hi, 34.5 si,  0.0 st
%Cpu(s): 44.8 us, 19.9 sy,  0.0 ni,  2.5 id,  0.0 wa,  0.0 hi, 32.8 si,  0.0 st
%Cpu(s): 44.1 us, 20.3 sy,  0.0 ni,  2.0 id,  0.0 wa,  0.0 hi, 33.7 si,  0.0 st
%Cpu(s): 45.8 us, 20.7 sy,  0.0 ni,  3.9 id,  0.0 wa,  0.0 hi, 29.6 si,  0.0 st
%Cpu(s): 41.6 us, 20.8 sy,  0.0 ni,  6.1 id,  0.0 wa,  0.0 hi, 31.5 si,  0.0 st
%Cpu(s): 47.8 us, 18.7 sy,  0.0 ni,  1.5 id,  0.0 wa,  0.0 hi, 32.0 si,  0.0 st
%Cpu(s): 44.1 us, 22.1 sy,  0.0 ni,  2.0 id,  0.0 wa,  0.0 hi, 31.9 si,  0.0 st
%Cpu(s): 44.7 us, 20.1 sy,  0.0 ni,  4.5 id,  0.0 wa,  0.0 hi, 30.7 si,  0.0 st
%Cpu(s): 44.3 us, 23.9 sy,  0.0 ni,  4.5 id,  0.0 wa,  0.0 hi, 27.4 si,  0.0 st
%Cpu(s): 44.1 us, 19.3 sy,  0.0 ni,  5.0 id,  0.0 wa,  0.0 hi, 31.7 si,  0.0 st
%Cpu(s): 45.5 us, 21.3 sy,  0.0 ni,  2.0 id,  0.0 wa,  0.0 hi, 31.2 si,  0.0 st
%Cpu(s): 45.0 us, 18.8 sy,  0.0 ni,  4.0 id,  0.0 wa,  0.0 hi, 32.2 si,  0.0 st
%Cpu(s): 42.9 us, 18.7 sy,  0.0 ni,  3.0 id,  0.0 wa,  0.0 hi, 35.5 si,  0.0 st
%Cpu(s): 45.3 us, 20.9 sy,  0.0 ni,  4.0 id,  0.0 wa,  0.0 hi, 29.9 si,  0.0 st
%Cpu(s): 47.3 us, 17.7 sy,  0.0 ni,  2.0 id,  0.0 wa,  0.0 hi, 33.0 si,  0.0 st
%Cpu(s): 44.7 us, 19.1 sy,  0.0 ni,  5.5 id,  0.0 wa,  0.0 hi, 30.7 si,  0.0 st
%Cpu(s):  4.5 us,  1.0 sy,  0.0 ni, 94.0 id,  0.0 wa,  0.0 hi,  0.5 si,  0.0 st
%Cpu(s):  2.5 us,  0.5 sy,  0.0 ni, 97.0 id,  0.0 wa,  0.0 hi,  0.0 si,  0.0 st
%Cpu(s):  3.5 us,  3.0 sy,  0.0 ni, 93.5 id,  0.0 wa,  0.0 hi,  0.0 si,  0.0 st
%Cpu(s):  1.0 us,  1.0 sy,  0.0 ni, 98.0 id,  0.0 wa,  0.0 hi,  0.0 si,  0.0 st
%Cpu(s):  1.5 us,  1.0 sy,  0.0 ni, 97.5 id,  0.0 wa,  0.0 hi,  0.0 si,  0.0 st
%Cpu(s):  0.5 us,  0.0 sy,  0.0 ni, 99.0 id,  0.0 wa,  0.0 hi,  0.5 si,  0.0 st
%Cpu(s):  1.0 us,  0.5 sy,  0.0 ni, 98.5 id,  0.0 wa,  0.0 hi,  0.0 si,  0.0 st
%Cpu(s):  0.5 us,  0.0 sy,  0.0 ni, 99.5 id,  0.0 wa,  0.0 hi,  0.0 si,  0.0 st
%Cpu(s):  0.5 us,  0.5 sy,  0.0 ni, 99.0 id,  0.0 wa,  0.0 hi,  0.0 si,  0.0 st
%Cpu(s):  0.5 us,  0.5 sy,  0.0 ni, 99.0 id,  0.0 wa,  0.0 hi,  0.0 si,  0.0 st
%Cpu(s):  3.0 us,  0.5 sy,  0.0 ni, 96.5 id,  0.0 wa,  0.0 hi,  0.0 si,  0.0 st
%Cpu(s):  1.0 us,  0.5 sy,  0.0 ni, 98.5 id,  0.0 wa,  0.0 hi,  0.0 si,  0.0 st
%Cpu(s):  6.5 us,  6.0 sy,  0.0 ni, 87.4 id,  0.0 wa,  0.0 hi,  0.0 si,  0.0 st
%Cpu(s):  0.0 us,  0.0 sy,  0.0 ni,100.0 id,  0.0 wa,  0.0 hi,  0.0 si,  0.0 st
%Cpu(s):  1.0 us,  0.5 sy,  0.0 ni, 98.5 id,  0.0 wa,  0.0 hi,  0.0 si,  0.0 st
%Cpu(s):  1.0 us,  0.5 sy,  0.0 ni, 98.5 id,  0.0 wa,  0.0 hi,  0.0 si,  0.0 st
%Cpu(s):  1.0 us,  1.0 sy,  0.0 ni, 98.0 id,  0.0 wa,  0.0 hi,  0.0 si,  0.0 st
%Cpu(s):  1.0 us,  1.0 sy,  0.0 ni, 98.0 id,  0.0 wa,  0.0 hi,  0.0 si,  0.0 st
%Cpu(s):  1.0 us,  0.5 sy,  0.0 ni, 98.5 id,  0.0 wa,  0.0 hi,  0.0 si,  0.0 st
%Cpu(s):  1.0 us,  0.5 sy,  0.0 ni, 98.5 id,  0.0 wa,  0.0 hi,  0.0 si,  0.0 st
%Cpu(s):  1.0 us,  0.5 sy,  0.0 ni, 98.5 id,  0.0 wa,  0.0 hi,  0.0 si,  0.0 st
%Cpu(s):  5.0 us,  0.5 sy,  0.0 ni, 94.5 id,  0.0 wa,  0.0 hi,  0.0 si,  0.0 st
