%Cpu(s): 37.5 us, 10.9 sy,  0.0 ni, 42.2 id,  0.0 wa,  0.0 hi,  9.4 si,  0.0 st
%Cpu(s): 42.3 us,  9.0 sy,  0.0 ni, 40.3 id,  0.0 wa,  0.0 hi,  8.5 si,  0.0 st
%Cpu(s): 40.6 us,  9.4 sy,  0.0 ni, 40.1 id,  0.0 wa,  0.0 hi,  9.9 si,  0.0 st
%Cpu(s): 38.7 us,  8.3 sy,  0.0 ni, 42.2 id,  0.0 wa,  0.0 hi, 10.8 si,  0.0 st
%Cpu(s): 39.2 us,  9.5 sy,  0.0 ni, 41.7 id,  0.0 wa,  0.0 hi,  9.5 si,  0.0 st
%Cpu(s): 42.7 us, 10.1 sy,  0.0 ni, 38.7 id,  0.0 wa,  0.0 hi,  8.5 si,  0.0 st
%Cpu(s): 39.9 us,  8.4 sy,  0.0 ni, 42.4 id,  0.0 wa,  0.0 hi,  9.4 si,  0.0 st
%Cpu(s): 37.9 us,  9.4 sy,  0.0 ni, 42.9 id,  0.0 wa,  0.0 hi,  9.9 si,  0.0 st
%Cpu(s): 38.3 us,  8.3 sy,  0.0 ni, 43.7 id,  0.0 wa,  0.0 hi,  9.7 si,  0.0 st
%Cpu(s): 38.5 us,  7.8 sy,  0.0 ni, 42.9 id,  0.0 wa,  0.0 hi, 10.7 si,  0.0 st
%Cpu(s): 38.3 us, 10.0 sy,  0.0 ni, 41.8 id,  0.0 wa,  0.0 hi, 10.0 si,  0.0 st
%Cpu(s): 39.2 us,  8.3 sy,  0.0 ni, 42.2 id,  0.0 wa,  0.0 hi, 10.3 si,  0.0 st
%Cpu(s): 38.7 us,  9.3 sy,  0.0 ni, 41.7 id,  0.0 wa,  0.0 hi, 10.3 si,  0.0 st
%Cpu(s): 39.2 us,  9.8 sy,  0.0 ni, 41.7 id,  0.0 wa,  0.0 hi,  9.3 si,  0.0 st
%Cpu(s): 39.7 us,  9.3 sy,  0.0 ni, 39.2 id,  0.0 wa,  0.0 hi, 11.8 si,  0.0 st
%Cpu(s): 40.3 us,  8.0 sy,  0.0 ni, 42.3 id,  0.0 wa,  0.0 hi,  9.5 si,  0.0 st
%Cpu(s): 38.2 us, 10.8 sy,  0.0 ni, 41.2 id,  0.0 wa,  0.0 hi,  9.8 si,  0.0 st
%Cpu(s): 40.1 us,  8.9 sy,  0.0 ni, 40.6 id,  0.0 wa,  0.0 hi, 10.4 si,  0.0 st
%Cpu(s): 39.2 us,  9.8 sy,  0.0 ni, 40.7 id,  0.0 wa,  0.0 hi, 10.3 si,  0.0 st
%Cpu(s): 40.4 us,  8.9 sy,  0.0 ni, 41.4 id,  0.0 wa,  0.0 hi,  9.4 si,  0.0 st
%Cpu(s): 39.2 us,  8.8 sy,  0.0 ni, 43.1 id,  0.0 wa,  0.0 hi,  8.8 si,  0.0 st
%Cpu(s): 40.7 us, 10.6 sy,  0.0 ni, 40.2 id,  0.0 wa,  0.0 hi,  8.5 si,  0.0 st
%Cpu(s): 38.5 us,  8.5 sy,  0.0 ni, 44.0 id,  0.0 wa,  0.0 hi,  9.0 si,  0.0 st
%Cpu(s): 38.3 us,  9.7 sy,  0.0 ni, 41.7 id,  0.0 wa,  0.0 hi, 10.2 si,  0.0 st
%Cpu(s): 38.1 us,  9.9 sy,  0.0 ni, 41.6 id,  0.0 wa,  0.0 hi, 10.4 si,  0.0 st
%Cpu(s): 39.2 us, 10.8 sy,  0.0 ni, 41.2 id,  0.0 wa,  0.0 hi,  8.8 si,  0.0 st
%Cpu(s): 39.4 us,  8.4 sy,  0.0 ni, 42.4 id,  0.0 wa,  0.0 hi,  9.9 si,  0.0 st
%Cpu(s): 42.6 us,  8.4 sy,  0.0 ni, 38.6 id,  0.0 wa,  0.0 hi, 10.4 si,  0.0 st
%Cpu(s): 40.0 us,  8.5 sy,  0.0 ni, 42.0 id,  0.0 wa,  0.0 hi,  9.5 si,  0.0 st
%Cpu(s): 40.5 us,  9.8 sy,  0.0 ni, 41.5 id,  0.0 wa,  0.0 hi,  8.3 si,  0.0 st
%Cpu(s): 41.6 us,  8.9 sy,  0.0 ni, 40.6 id,  0.0 wa,  0.0 hi,  8.9 si,  0.0 st
%Cpu(s): 42.0 us,  8.5 sy,  0.0 ni, 40.5 id,  0.0 wa,  0.0 hi,  9.0 si,  0.0 st
%Cpu(s): 39.8 us,  7.5 sy,  0.0 ni, 42.8 id,  0.0 wa,  0.0 hi, 10.0 si,  0.0 st
%Cpu(s): 45.5 us,  9.5 sy,  0.0 ni, 36.5 id,  0.0 wa,  0.0 hi,  8.5 si,  0.0 st
%Cpu(s): 43.6 us, 10.4 sy,  0.0 ni, 36.1 id,  0.5 wa,  0.0 hi,  9.4 si,  0.0 st
%Cpu(s): 42.6 us,  8.9 sy,  0.0 ni, 39.1 id,  0.5 wa,  0.0 hi,  8.9 si,  0.0 st
%Cpu(s): 43.0 us, 10.0 sy,  0.0 ni, 36.0 id,  0.0 wa,  0.0 hi, 11.0 si,  0.0 st
%Cpu(s): 40.4 us,  9.4 sy,  0.0 ni, 40.4 id,  0.0 wa,  0.0 hi,  9.9 si,  0.0 st
%Cpu(s): 38.1 us,  8.4 sy,  0.0 ni, 43.1 id,  0.0 wa,  0.0 hi, 10.4 si,  0.0 st
%Cpu(s): 39.6 us,  8.9 sy,  0.0 ni, 42.1 id,  0.0 wa,  0.0 hi,  9.4 si,  0.0 st
%Cpu(s): 38.9 us,  9.4 sy,  0.0 ni, 41.9 id,  0.0 wa,  0.0 hi,  9.9 si,  0.0 st
%Cpu(s): 37.8 us,  9.0 sy,  0.0 ni, 42.8 id,  0.0 wa,  0.0 hi, 10.4 si,  0.0 st
%Cpu(s): 38.8 us,  9.2 sy,  0.0 ni, 42.2 id,  0.0 wa,  0.0 hi,  9.7 si,  0.0 st
%Cpu(s): 40.2 us,  7.8 sy,  0.0 ni, 41.7 id,  0.0 wa,  0.0 hi, 10.3 si,  0.0 st
%Cpu(s): 38.3 us,  9.7 sy,  0.0 ni, 41.7 id,  0.0 wa,  0.0 hi, 10.2 si,  0.0 st
%Cpu(s): 40.4 us, 10.8 sy,  0.0 ni, 38.9 id,  0.0 wa,  0.0 hi,  9.9 si,  0.0 st
%Cpu(s): 37.1 us,  9.4 sy,  0.0 ni, 43.6 id,  0.0 wa,  0.0 hi,  9.9 si,  0.0 st
%Cpu(s): 38.5 us,  9.3 sy,  0.0 ni, 42.0 id,  0.0 wa,  0.0 hi, 10.2 si,  0.0 st
%Cpu(s): 39.1 us,  8.9 sy,  0.0 ni, 42.6 id,  0.0 wa,  0.0 hi,  9.4 si,  0.0 st
%Cpu(s): 29.9 us,  6.5 sy,  0.0 ni, 56.2 id,  0.0 wa,  0.0 hi,  7.5 si,  0.0 st
%Cpu(s):  3.0 us,  2.5 sy,  0.0 ni, 94.4 id,  0.0 wa,  0.0 hi,  0.0 si,  0.0 st
%Cpu(s):  2.0 us,  0.5 sy,  0.0 ni, 97.5 id,  0.0 wa,  0.0 hi,  0.0 si,  0.0 st
%Cpu(s):  0.5 us,  0.5 sy,  0.0 ni, 99.0 id,  0.0 wa,  0.0 hi,  0.0 si,  0.0 st
%Cpu(s):  1.0 us,  0.5 sy,  0.0 ni, 98.5 id,  0.0 wa,  0.0 hi,  0.0 si,  0.0 st
%Cpu(s):  1.5 us,  1.0 sy,  0.0 ni, 97.0 id,  0.0 wa,  0.0 hi,  0.5 si,  0.0 st
%Cpu(s):  2.0 us,  1.5 sy,  0.0 ni, 96.5 id,  0.0 wa,  0.0 hi,  0.0 si,  0.0 st
%Cpu(s):  1.5 us,  0.5 sy,  0.0 ni, 97.5 id,  0.0 wa,  0.0 hi,  0.5 si,  0.0 st
%Cpu(s):  2.0 us,  0.5 sy,  0.0 ni, 97.5 id,  0.0 wa,  0.0 hi,  0.0 si,  0.0 st
%Cpu(s):  3.5 us,  1.0 sy,  0.0 ni, 95.5 id,  0.0 wa,  0.0 hi,  0.0 si,  0.0 st
%Cpu(s): 12.6 us,  4.0 sy,  0.0 ni, 83.3 id,  0.0 wa,  0.0 hi,  0.0 si,  0.0 st
%Cpu(s):  4.0 us,  1.5 sy,  0.0 ni, 94.0 id,  0.0 wa,  0.0 hi,  0.5 si,  0.0 st
%Cpu(s):  3.5 us,  1.0 sy,  0.0 ni, 95.5 id,  0.0 wa,  0.0 hi,  0.0 si,  0.0 st
