%Cpu(s): 47.1 us, 22.1 sy,  0.0 ni,  1.5 id,  0.0 wa,  0.0 hi, 29.4 si,  0.0 st
%Cpu(s): 44.6 us, 26.0 sy,  0.0 ni,  0.0 id,  0.0 wa,  0.0 hi, 29.4 si,  0.0 st
%Cpu(s): 46.1 us, 27.5 sy,  0.0 ni,  1.5 id,  0.0 wa,  0.0 hi, 25.0 si,  0.0 st
%Cpu(s): 46.6 us, 27.0 sy,  0.0 ni,  0.5 id,  0.0 wa,  0.0 hi, 26.0 si,  0.0 st
%Cpu(s): 45.5 us, 25.2 sy,  0.0 ni,  2.0 id,  0.0 wa,  0.0 hi, 27.2 si,  0.0 st
%Cpu(s): 45.3 us, 25.6 sy,  0.0 ni,  0.0 id,  0.0 wa,  0.0 hi, 29.1 si,  0.0 st
%Cpu(s): 47.5 us, 25.5 sy,  0.0 ni,  0.5 id,  0.0 wa,  0.0 hi, 26.5 si,  0.0 st
%Cpu(s): 45.1 us, 25.0 sy,  0.0 ni,  1.0 id,  0.0 wa,  0.0 hi, 28.9 si,  0.0 st
%Cpu(s): 46.6 us, 25.5 sy,  0.0 ni,  1.0 id,  0.0 wa,  0.0 hi, 27.0 si,  0.0 st
%Cpu(s): 46.1 us, 25.5 sy,  0.0 ni,  2.5 id,  0.0 wa,  0.0 hi, 26.0 si,  0.0 st
%Cpu(s): 45.4 us, 26.8 sy,  0.0 ni,  2.9 id,  0.0 wa,  0.0 hi, 24.9 si,  0.0 st
%Cpu(s): 45.1 us, 25.2 sy,  0.0 ni,  2.4 id,  0.0 wa,  0.0 hi, 27.2 si,  0.0 st
%Cpu(s): 46.6 us, 24.8 sy,  0.0 ni,  1.0 id,  0.0 wa,  0.0 hi, 27.7 si,  0.0 st
%Cpu(s): 47.5 us, 23.5 sy,  0.0 ni,  1.5 id,  0.0 wa,  0.0 hi, 27.5 si,  0.0 st
%Cpu(s): 45.9 us, 25.9 sy,  0.0 ni,  1.0 id,  0.0 wa,  0.0 hi, 27.3 si,  0.0 st
%Cpu(s): 49.3 us, 23.2 sy,  0.0 ni,  1.0 id,  0.0 wa,  0.0 hi, 26.6 si,  0.0 st
%Cpu(s): 47.8 us, 24.1 sy,  0.0 ni,  0.5 id,  0.0 wa,  0.0 hi, 27.6 si,  0.0 st
%Cpu(s): 47.5 us, 23.5 sy,  0.0 ni,  1.5 id,  0.0 wa,  0.0 hi, 27.5 si,  0.0 st
%Cpu(s): 45.3 us, 24.6 sy,  0.0 ni,  4.9 id,  0.0 wa,  0.0 hi, 25.1 si,  0.0 st
%Cpu(s): 45.4 us, 23.9 sy,  0.0 ni,  3.4 id,  0.0 wa,  0.0 hi, 27.3 si,  0.0 st
%Cpu(s): 45.8 us, 23.4 sy,  0.0 ni,  2.5 id,  0.0 wa,  0.0 hi, 28.4 si,  0.0 st
%Cpu(s): 44.4 us, 27.3 sy,  0.0 ni,  2.0 id,  0.0 wa,  0.0 hi, 26.3 si,  0.0 st
%Cpu(s): 44.1 us, 28.2 sy,  0.0 ni,  1.0 id,  0.0 wa,  0.0 hi, 26.7 si,  0.0 st
%Cpu(s): 44.1 us, 26.5 sy,  0.0 ni,  1.5 id,  0.0 wa,  0.0 hi, 27.9 si,  0.0 st
%Cpu(s): 45.6 us, 25.0 sy,  0.0 ni,  0.5 id,  0.0 wa,  0.0 hi, 28.9 si,  0.0 st
%Cpu(s): 46.3 us, 26.1 sy,  0.0 ni,  0.5 id,  0.0 wa,  0.0 hi, 27.1 si,  0.0 st
%Cpu(s): 46.3 us, 25.4 sy,  0.0 ni,  0.5 id,  0.0 wa,  0.0 hi, 27.8 si,  0.0 st
%Cpu(s): 45.5 us, 25.7 sy,  0.0 ni,  1.0 id,  0.0 wa,  0.0 hi, 27.7 si,  0.0 st
%Cpu(s): 44.4 us, 24.4 sy,  0.0 ni,  1.5 id,  0.0 wa,  0.0 hi, 29.8 si,  0.0 st
%Cpu(s): 45.3 us, 27.1 sy,  0.0 ni,  0.5 id,  0.0 wa,  0.0 hi, 27.1 si,  0.0 st
%Cpu(s): 44.1 us, 25.5 sy,  0.0 ni,  0.5 id,  0.0 wa,  0.0 hi, 29.9 si,  0.0 st
%Cpu(s): 45.1 us, 23.5 sy,  0.0 ni,  1.0 id,  0.0 wa,  0.0 hi, 30.4 si,  0.0 st
%Cpu(s): 45.8 us, 24.6 sy,  0.0 ni,  0.5 id,  0.0 wa,  0.0 hi, 29.1 si,  0.0 st
%Cpu(s): 47.1 us, 24.8 sy,  0.0 ni,  0.5 id,  0.0 wa,  0.0 hi, 27.7 si,  0.0 st
%Cpu(s): 47.1 us, 25.5 sy,  0.0 ni,  0.0 id,  0.0 wa,  0.0 hi, 27.5 si,  0.0 st
%Cpu(s): 46.3 us, 24.6 sy,  0.0 ni,  0.5 id,  0.0 wa,  0.0 hi, 28.6 si,  0.0 st
%Cpu(s): 46.1 us, 23.3 sy,  0.0 ni,  1.9 id,  0.0 wa,  0.0 hi, 28.6 si,  0.0 st
%Cpu(s): 46.8 us, 24.9 sy,  0.0 ni,  0.5 id,  0.0 wa,  0.0 hi, 27.8 si,  0.0 st
%Cpu(s): 46.3 us, 24.6 sy,  0.0 ni,  0.0 id,  0.0 wa,  0.0 hi, 29.1 si,  0.0 st
%Cpu(s): 47.3 us, 24.1 sy,  0.0 ni,  1.0 id,  0.0 wa,  0.0 hi, 27.6 si,  0.0 st
%Cpu(s): 44.6 us, 26.0 sy,  0.0 ni,  0.0 id,  0.0 wa,  0.0 hi, 29.4 si,  0.0 st
%Cpu(s): 46.6 us, 25.5 sy,  0.0 ni,  1.5 id,  0.0 wa,  0.0 hi, 26.5 si,  0.0 st
%Cpu(s): 46.5 us, 25.7 sy,  0.0 ni,  3.0 id,  0.0 wa,  0.0 hi, 24.8 si,  0.0 st
%Cpu(s): 45.9 us, 24.9 sy,  0.0 ni,  1.5 id,  0.0 wa,  0.0 hi, 27.8 si,  0.0 st
%Cpu(s): 45.8 us, 23.6 sy,  0.0 ni,  3.9 id,  0.0 wa,  0.0 hi, 26.6 si,  0.0 st
%Cpu(s): 45.5 us, 25.2 sy,  0.0 ni,  3.0 id,  0.0 wa,  0.0 hi, 26.2 si,  0.0 st
%Cpu(s): 44.1 us, 24.8 sy,  0.0 ni,  2.0 id,  0.0 wa,  0.0 hi, 29.2 si,  0.0 st
%Cpu(s): 44.3 us, 26.6 sy,  0.0 ni,  3.0 id,  0.0 wa,  0.0 hi, 26.1 si,  0.0 st
%Cpu(s): 44.1 us, 27.0 sy,  0.0 ni,  2.5 id,  0.0 wa,  0.0 hi, 26.5 si,  0.0 st
%Cpu(s): 46.8 us, 27.6 sy,  0.0 ni,  2.0 id,  0.0 wa,  0.0 hi, 23.6 si,  0.0 st
%Cpu(s): 21.3 us,  9.9 sy,  0.0 ni, 58.4 id,  0.0 wa,  0.0 hi, 10.4 si,  0.0 st
%Cpu(s):  3.5 us,  0.5 sy,  0.0 ni, 96.0 id,  0.0 wa,  0.0 hi,  0.0 si,  0.0 st
%Cpu(s):  5.0 us,  0.5 sy,  0.0 ni, 94.5 id,  0.0 wa,  0.0 hi,  0.0 si,  0.0 st
%Cpu(s):  5.4 us,  2.0 sy,  0.0 ni, 92.1 id,  0.0 wa,  0.0 hi,  0.5 si,  0.0 st
%Cpu(s):  0.5 us,  1.5 sy,  0.0 ni, 98.0 id,  0.0 wa,  0.0 hi,  0.0 si,  0.0 st
%Cpu(s):  0.5 us,  1.0 sy,  0.0 ni, 98.5 id,  0.0 wa,  0.0 hi,  0.0 si,  0.0 st
%Cpu(s):  2.5 us,  1.5 sy,  0.0 ni, 96.0 id,  0.0 wa,  0.0 hi,  0.0 si,  0.0 st
%Cpu(s):  1.0 us,  1.0 sy,  0.0 ni, 98.0 id,  0.0 wa,  0.0 hi,  0.0 si,  0.0 st
%Cpu(s):  0.5 us,  0.5 sy,  0.0 ni, 99.0 id,  0.0 wa,  0.0 hi,  0.0 si,  0.0 st
%Cpu(s):  3.0 us,  0.5 sy,  0.0 ni, 96.5 id,  0.0 wa,  0.0 hi,  0.0 si,  0.0 st
%Cpu(s):  1.0 us,  0.5 sy,  0.0 ni, 98.5 id,  0.0 wa,  0.0 hi,  0.0 si,  0.0 st
%Cpu(s):  1.5 us,  0.5 sy,  0.0 ni, 98.0 id,  0.0 wa,  0.0 hi,  0.0 si,  0.0 st
%Cpu(s):  4.5 us,  4.5 sy,  0.0 ni, 91.0 id,  0.0 wa,  0.0 hi,  0.0 si,  0.0 st
