%Cpu(s): 68.7 us, 16.4 sy,  0.0 ni,  1.5 id,  0.0 wa,  0.0 hi, 13.4 si,  0.0 st
%Cpu(s): 70.3 us, 16.8 sy,  0.0 ni,  1.0 id,  0.0 wa,  0.0 hi, 11.9 si,  0.0 st
%Cpu(s): 69.5 us, 16.7 sy,  0.0 ni,  2.0 id,  0.0 wa,  0.0 hi, 11.8 si,  0.0 st
%Cpu(s): 70.2 us, 19.5 sy,  0.0 ni,  1.4 id,  0.0 wa,  0.0 hi,  8.8 si,  0.0 st
%Cpu(s): 73.3 us, 14.4 sy,  0.0 ni,  1.5 id,  0.0 wa,  0.0 hi, 10.9 si,  0.0 st
%Cpu(s): 72.8 us, 14.9 sy,  0.0 ni,  2.0 id,  0.0 wa,  0.0 hi, 10.4 si,  0.0 st
%Cpu(s): 70.0 us, 14.8 sy,  0.0 ni,  2.5 id,  0.0 wa,  0.0 hi, 12.8 si,  0.0 st
%Cpu(s): 73.4 us, 13.6 sy,  0.0 ni,  1.5 id,  0.0 wa,  0.0 hi, 11.6 si,  0.0 st
%Cpu(s): 70.8 us, 14.9 sy,  0.0 ni,  2.0 id,  0.0 wa,  0.0 hi, 12.4 si,  0.0 st
%Cpu(s): 68.8 us, 16.3 sy,  0.0 ni,  3.0 id,  0.0 wa,  0.0 hi, 11.9 si,  0.0 st
%Cpu(s): 69.7 us, 14.9 sy,  0.0 ni,  3.0 id,  0.0 wa,  0.0 hi, 12.4 si,  0.0 st
%Cpu(s): 70.4 us, 14.8 sy,  0.0 ni,  1.5 id,  0.0 wa,  0.0 hi, 13.3 si,  0.0 st
%Cpu(s): 70.8 us, 13.9 sy,  0.0 ni,  2.5 id,  0.0 wa,  0.0 hi, 12.9 si,  0.0 st
%Cpu(s): 69.6 us, 15.7 sy,  0.0 ni,  2.5 id,  0.0 wa,  0.0 hi, 12.3 si,  0.0 st
%Cpu(s): 71.1 us, 14.9 sy,  0.0 ni,  2.0 id,  0.0 wa,  0.0 hi, 11.9 si,  0.0 st
%Cpu(s): 71.8 us, 13.4 sy,  0.0 ni,  2.0 id,  0.0 wa,  0.0 hi, 12.9 si,  0.0 st
%Cpu(s): 68.8 us, 16.8 sy,  0.0 ni,  1.5 id,  0.0 wa,  0.0 hi, 12.9 si,  0.0 st
%Cpu(s): 69.3 us, 15.8 sy,  0.0 ni,  2.5 id,  0.0 wa,  0.0 hi, 12.4 si,  0.0 st
%Cpu(s): 71.4 us, 17.2 sy,  0.0 ni,  1.5 id,  0.0 wa,  0.0 hi,  9.9 si,  0.0 st
%Cpu(s): 69.5 us, 14.8 sy,  0.0 ni,  3.9 id,  0.0 wa,  0.0 hi, 11.8 si,  0.0 st
%Cpu(s): 68.8 us, 16.3 sy,  0.0 ni,  2.0 id,  0.0 wa,  0.0 hi, 12.9 si,  0.0 st
%Cpu(s): 71.9 us, 15.3 sy,  0.0 ni,  2.0 id,  0.0 wa,  0.0 hi, 10.8 si,  0.0 st
%Cpu(s): 71.1 us, 15.9 sy,  0.0 ni,  2.0 id,  0.0 wa,  0.0 hi, 10.9 si,  0.0 st
%Cpu(s): 70.7 us, 16.6 sy,  0.0 ni,  2.0 id,  0.0 wa,  0.0 hi, 10.7 si,  0.0 st
%Cpu(s): 70.9 us, 16.7 sy,  0.0 ni,  2.0 id,  0.0 wa,  0.0 hi, 10.3 si,  0.0 st
%Cpu(s): 70.4 us, 14.3 sy,  0.0 ni,  2.0 id,  0.0 wa,  0.0 hi, 13.3 si,  0.0 st
%Cpu(s): 68.8 us, 16.8 sy,  0.0 ni,  2.5 id,  0.0 wa,  0.0 hi, 11.9 si,  0.0 st
%Cpu(s): 71.1 us, 15.7 sy,  0.0 ni,  2.0 id,  0.0 wa,  0.0 hi, 11.3 si,  0.0 st
%Cpu(s): 70.4 us, 15.3 sy,  0.0 ni,  2.0 id,  0.0 wa,  0.0 hi, 12.3 si,  0.0 st
%Cpu(s): 71.1 us, 15.4 sy,  0.0 ni,  2.0 id,  0.0 wa,  0.0 hi, 11.4 si,  0.0 st
%Cpu(s): 68.8 us, 16.3 sy,  0.0 ni,  3.0 id,  0.0 wa,  0.0 hi, 11.9 si,  0.0 st
%Cpu(s): 70.9 us, 17.0 sy,  0.0 ni,  1.5 id,  0.0 wa,  0.0 hi, 10.7 si,  0.0 st
%Cpu(s): 71.9 us, 15.8 sy,  0.0 ni,  1.5 id,  0.0 wa,  0.0 hi, 10.8 si,  0.0 st
%Cpu(s): 71.7 us, 15.6 sy,  0.0 ni,  2.0 id,  0.0 wa,  0.0 hi, 10.7 si,  0.0 st
%Cpu(s): 70.7 us, 16.6 sy,  0.0 ni,  2.4 id,  0.0 wa,  0.0 hi, 10.2 si,  0.0 st
%Cpu(s): 69.8 us, 14.9 sy,  0.0 ni,  2.0 id,  0.0 wa,  0.0 hi, 13.4 si,  0.0 st
%Cpu(s): 71.3 us, 14.9 sy,  0.0 ni,  2.0 id,  0.0 wa,  0.0 hi, 11.9 si,  0.0 st
%Cpu(s): 70.3 us, 16.8 sy,  0.0 ni,  2.5 id,  0.0 wa,  0.0 hi, 10.4 si,  0.0 st
%Cpu(s): 68.8 us, 18.3 sy,  0.0 ni,  1.5 id,  0.0 wa,  0.0 hi, 11.4 si,  0.0 st
%Cpu(s): 71.3 us, 14.9 sy,  0.0 ni,  2.0 id,  0.0 wa,  0.0 hi, 11.9 si,  0.0 st
%Cpu(s): 72.3 us, 14.1 sy,  0.0 ni,  1.9 id,  0.0 wa,  0.0 hi, 11.7 si,  0.0 st
%Cpu(s): 70.4 us, 15.3 sy,  0.0 ni,  2.0 id,  0.0 wa,  0.0 hi, 12.3 si,  0.0 st
%Cpu(s): 70.6 us, 15.2 sy,  0.0 ni,  2.0 id,  0.0 wa,  0.0 hi, 12.3 si,  0.0 st
%Cpu(s): 71.0 us, 16.0 sy,  0.0 ni,  1.5 id,  0.0 wa,  0.0 hi, 11.5 si,  0.0 st
%Cpu(s): 72.5 us, 15.5 sy,  0.0 ni,  1.9 id,  0.0 wa,  0.0 hi, 10.1 si,  0.0 st
%Cpu(s): 71.8 us, 16.3 sy,  0.0 ni,  1.5 id,  0.0 wa,  0.0 hi, 10.4 si,  0.0 st
%Cpu(s): 70.6 us, 16.2 sy,  0.0 ni,  2.0 id,  0.0 wa,  0.0 hi, 11.3 si,  0.0 st
%Cpu(s): 73.1 us, 13.4 sy,  0.0 ni,  1.5 id,  0.0 wa,  0.0 hi, 11.9 si,  0.0 st
%Cpu(s): 73.0 us, 14.2 sy,  0.0 ni,  1.5 id,  0.0 wa,  0.0 hi, 11.3 si,  0.0 st
%Cpu(s): 70.3 us, 15.8 sy,  0.0 ni,  2.0 id,  0.0 wa,  0.0 hi, 11.9 si,  0.0 st
%Cpu(s): 71.6 us, 14.2 sy,  0.0 ni,  1.5 id,  0.0 wa,  0.0 hi, 12.7 si,  0.0 st
%Cpu(s): 24.3 us,  4.5 sy,  0.0 ni, 67.3 id,  0.0 wa,  0.0 hi,  4.0 si,  0.0 st
%Cpu(s):  3.0 us,  0.5 sy,  0.0 ni, 96.5 id,  0.0 wa,  0.0 hi,  0.0 si,  0.0 st
%Cpu(s):  1.5 us,  1.5 sy,  0.0 ni, 97.0 id,  0.0 wa,  0.0 hi,  0.0 si,  0.0 st
%Cpu(s):  1.5 us,  0.5 sy,  0.0 ni, 98.0 id,  0.0 wa,  0.0 hi,  0.0 si,  0.0 st
%Cpu(s):  1.5 us,  1.0 sy,  0.0 ni, 97.0 id,  0.0 wa,  0.0 hi,  0.5 si,  0.0 st
%Cpu(s):  1.5 us,  1.0 sy,  0.0 ni, 97.5 id,  0.0 wa,  0.0 hi,  0.0 si,  0.0 st
%Cpu(s):  1.5 us,  1.5 sy,  0.0 ni, 95.0 id,  1.5 wa,  0.0 hi,  0.5 si,  0.0 st
%Cpu(s):  2.5 us,  1.5 sy,  0.0 ni, 96.0 id,  0.0 wa,  0.0 hi,  0.0 si,  0.0 st
%Cpu(s):  1.0 us,  1.0 sy,  0.0 ni, 98.0 id,  0.0 wa,  0.0 hi,  0.0 si,  0.0 st
%Cpu(s):  2.0 us,  1.0 sy,  0.0 ni, 97.0 id,  0.0 wa,  0.0 hi,  0.0 si,  0.0 st
%Cpu(s):  3.5 us,  1.5 sy,  0.0 ni, 94.5 id,  0.0 wa,  0.0 hi,  0.5 si,  0.0 st
%Cpu(s):  2.0 us,  1.0 sy,  0.0 ni, 97.0 id,  0.0 wa,  0.0 hi,  0.0 si,  0.0 st
%Cpu(s):  1.0 us,  1.0 sy,  0.0 ni, 97.5 id,  0.0 wa,  0.0 hi,  0.5 si,  0.0 st
