%Cpu(s): 44.6 us,  7.7 sy,  0.0 ni, 40.0 id,  0.0 wa,  0.0 hi,  7.7 si,  0.0 st
%Cpu(s): 42.4 us,  8.9 sy,  0.0 ni, 37.4 id,  0.0 wa,  0.0 hi, 11.3 si,  0.0 st
%Cpu(s): 42.8 us,  9.0 sy,  0.0 ni, 38.3 id,  0.0 wa,  0.0 hi, 10.0 si,  0.0 st
%Cpu(s): 44.3 us,  9.5 sy,  0.0 ni, 37.3 id,  0.0 wa,  0.0 hi,  9.0 si,  0.0 st
%Cpu(s): 43.3 us,  8.4 sy,  0.0 ni, 38.4 id,  0.0 wa,  0.0 hi,  9.9 si,  0.0 st
%Cpu(s): 40.9 us,  8.4 sy,  0.0 ni, 40.9 id,  0.0 wa,  0.0 hi,  9.9 si,  0.0 st
%Cpu(s): 43.0 us, 10.5 sy,  0.0 ni, 37.0 id,  0.0 wa,  0.0 hi,  9.5 si,  0.0 st
%Cpu(s): 42.6 us, 11.9 sy,  0.0 ni, 36.6 id,  0.0 wa,  0.0 hi,  8.9 si,  0.0 st
%Cpu(s): 44.5 us, 11.5 sy,  0.0 ni, 34.5 id,  0.0 wa,  0.0 hi,  9.5 si,  0.0 st
%Cpu(s): 41.4 us,  9.6 sy,  0.0 ni, 39.4 id,  0.0 wa,  0.0 hi,  9.6 si,  0.0 st
%Cpu(s): 42.3 us, 10.4 sy,  0.0 ni, 37.3 id,  0.0 wa,  0.0 hi, 10.0 si,  0.0 st
%Cpu(s): 42.0 us,  9.5 sy,  0.0 ni, 40.0 id,  0.0 wa,  0.0 hi,  8.5 si,  0.0 st
%Cpu(s): 42.8 us, 11.9 sy,  0.0 ni, 35.8 id,  0.0 wa,  0.0 hi,  9.5 si,  0.0 st
%Cpu(s): 41.9 us,  8.9 sy,  0.0 ni, 38.4 id,  0.0 wa,  0.0 hi, 10.8 si,  0.0 st
%Cpu(s): 41.5 us,  9.5 sy,  0.0 ni, 41.0 id,  0.0 wa,  0.0 hi,  8.0 si,  0.0 st
%Cpu(s): 40.6 us,  9.4 sy,  0.0 ni, 39.6 id,  0.0 wa,  0.0 hi, 10.4 si,  0.0 st
%Cpu(s): 42.3 us, 10.0 sy,  0.0 ni, 38.3 id,  0.0 wa,  0.0 hi,  9.5 si,  0.0 st
%Cpu(s): 39.9 us,  9.4 sy,  0.0 ni, 40.4 id,  0.0 wa,  0.0 hi, 10.3 si,  0.0 st
%Cpu(s): 42.6 us,  9.3 sy,  0.0 ni, 37.7 id,  0.0 wa,  0.0 hi, 10.3 si,  0.0 st
%Cpu(s): 41.2 us, 12.6 sy,  0.0 ni, 36.2 id,  0.0 wa,  0.0 hi, 10.1 si,  0.0 st
%Cpu(s): 41.2 us,  9.5 sy,  0.0 ni, 40.2 id,  0.0 wa,  0.0 hi,  9.0 si,  0.0 st
%Cpu(s): 41.9 us,  9.6 sy,  0.0 ni, 38.9 id,  0.0 wa,  0.0 hi,  9.6 si,  0.0 st
%Cpu(s): 41.6 us,  8.9 sy,  0.0 ni, 39.1 id,  0.0 wa,  0.0 hi, 10.4 si,  0.0 st
%Cpu(s): 39.0 us, 10.0 sy,  0.0 ni, 40.5 id,  0.0 wa,  0.0 hi, 10.5 si,  0.0 st
%Cpu(s): 43.8 us,  8.9 sy,  0.0 ni, 36.9 id,  0.0 wa,  0.0 hi, 10.3 si,  0.0 st
%Cpu(s): 41.5 us,  9.5 sy,  0.0 ni, 39.0 id,  0.0 wa,  0.0 hi, 10.0 si,  0.0 st
%Cpu(s): 43.8 us,  8.5 sy,  0.0 ni, 38.3 id,  0.0 wa,  0.0 hi,  9.5 si,  0.0 st
%Cpu(s): 44.9 us, 10.2 sy,  0.0 ni, 35.1 id,  0.0 wa,  0.0 hi,  9.8 si,  0.0 st
%Cpu(s): 45.0 us,  9.4 sy,  0.0 ni, 36.6 id,  0.0 wa,  0.0 hi,  8.9 si,  0.0 st
%Cpu(s): 44.0 us,  9.0 sy,  0.0 ni, 37.5 id,  0.0 wa,  0.0 hi,  9.5 si,  0.0 st
%Cpu(s): 44.1 us,  8.4 sy,  0.0 ni, 38.6 id,  0.0 wa,  0.0 hi,  8.9 si,  0.0 st
%Cpu(s): 41.4 us, 10.3 sy,  0.0 ni, 37.9 id,  0.0 wa,  0.0 hi, 10.3 si,  0.0 st
%Cpu(s): 44.5 us,  9.0 sy,  0.0 ni, 38.0 id,  0.0 wa,  0.0 hi,  8.5 si,  0.0 st
%Cpu(s): 43.6 us,  9.4 sy,  0.0 ni, 37.6 id,  0.0 wa,  0.0 hi,  9.4 si,  0.0 st
%Cpu(s): 43.2 us,  9.5 sy,  0.0 ni, 37.7 id,  0.0 wa,  0.0 hi,  9.5 si,  0.0 st
%Cpu(s): 43.8 us,  8.9 sy,  0.0 ni, 36.9 id,  0.0 wa,  0.0 hi, 10.3 si,  0.0 st
%Cpu(s): 41.1 us,  9.4 sy,  0.0 ni, 38.1 id,  0.0 wa,  0.0 hi, 11.4 si,  0.0 st
%Cpu(s): 40.4 us,  9.4 sy,  0.0 ni, 39.4 id,  0.0 wa,  0.0 hi, 10.8 si,  0.0 st
%Cpu(s): 39.4 us,  9.4 sy,  0.0 ni, 41.4 id,  0.0 wa,  0.0 hi,  9.9 si,  0.0 st
%Cpu(s): 43.7 us, 12.6 sy,  0.0 ni, 35.2 id,  0.0 wa,  0.0 hi,  8.5 si,  0.0 st
%Cpu(s): 39.6 us,  9.9 sy,  0.0 ni, 39.6 id,  0.0 wa,  0.0 hi, 10.9 si,  0.0 st
%Cpu(s): 40.6 us,  9.9 sy,  0.0 ni, 39.1 id,  0.0 wa,  0.0 hi, 10.4 si,  0.0 st
%Cpu(s): 41.4 us,  9.9 sy,  0.0 ni, 38.4 id,  0.0 wa,  0.0 hi, 10.3 si,  0.0 st
%Cpu(s): 42.3 us,  9.0 sy,  0.0 ni, 38.3 id,  0.0 wa,  0.0 hi, 10.4 si,  0.0 st
%Cpu(s): 41.2 us, 10.1 sy,  0.0 ni, 39.2 id,  0.0 wa,  0.0 hi,  9.5 si,  0.0 st
%Cpu(s): 42.7 us,  9.5 sy,  0.0 ni, 38.7 id,  0.0 wa,  0.0 hi,  9.0 si,  0.0 st
%Cpu(s): 41.1 us, 10.9 sy,  0.0 ni, 38.6 id,  0.0 wa,  0.0 hi,  9.4 si,  0.0 st
%Cpu(s): 42.9 us, 11.8 sy,  0.0 ni, 34.5 id,  0.0 wa,  0.0 hi, 10.8 si,  0.0 st
%Cpu(s): 41.5 us, 10.0 sy,  0.0 ni, 39.0 id,  0.0 wa,  0.0 hi,  9.5 si,  0.0 st
%Cpu(s): 42.9 us,  8.8 sy,  0.0 ni, 38.0 id,  0.0 wa,  0.0 hi, 10.2 si,  0.0 st
%Cpu(s): 42.3 us,  9.5 sy,  0.0 ni, 38.3 id,  0.0 wa,  0.0 hi, 10.0 si,  0.0 st
%Cpu(s):  9.6 us,  2.5 sy,  0.0 ni, 84.8 id,  1.5 wa,  0.0 hi,  1.5 si,  0.0 st
%Cpu(s):  0.5 us,  1.0 sy,  0.0 ni, 98.5 id,  0.0 wa,  0.0 hi,  0.0 si,  0.0 st
%Cpu(s):  0.5 us,  0.0 sy,  0.0 ni, 99.5 id,  0.0 wa,  0.0 hi,  0.0 si,  0.0 st
%Cpu(s):  0.5 us,  0.5 sy,  0.0 ni, 99.0 id,  0.0 wa,  0.0 hi,  0.0 si,  0.0 st
%Cpu(s):  2.0 us,  1.0 sy,  0.0 ni, 96.6 id,  0.0 wa,  0.0 hi,  0.5 si,  0.0 st
%Cpu(s):  3.0 us,  0.5 sy,  0.0 ni, 96.5 id,  0.0 wa,  0.0 hi,  0.0 si,  0.0 st
%Cpu(s):  3.0 us,  0.5 sy,  0.0 ni, 96.5 id,  0.0 wa,  0.0 hi,  0.0 si,  0.0 st
%Cpu(s):  3.5 us,  0.5 sy,  0.0 ni, 96.0 id,  0.0 wa,  0.0 hi,  0.0 si,  0.0 st
%Cpu(s):  7.5 us,  3.0 sy,  0.0 ni, 89.4 id,  0.0 wa,  0.0 hi,  0.0 si,  0.0 st
%Cpu(s):  9.5 us,  4.5 sy,  0.0 ni, 85.6 id,  0.0 wa,  0.0 hi,  0.5 si,  0.0 st
%Cpu(s):  3.0 us,  0.5 sy,  0.0 ni, 96.5 id,  0.0 wa,  0.0 hi,  0.0 si,  0.0 st
%Cpu(s):  3.5 us,  0.5 sy,  0.0 ni, 94.1 id,  2.0 wa,  0.0 hi,  0.0 si,  0.0 st
%Cpu(s):  3.5 us,  1.5 sy,  0.0 ni, 94.5 id,  0.0 wa,  0.0 hi,  0.5 si,  0.0 st
