%Cpu(s): 70.4 us, 16.9 sy,  0.0 ni,  0.0 id,  0.0 wa,  0.0 hi, 12.7 si,  0.0 st
%Cpu(s): 72.6 us, 15.4 sy,  0.0 ni,  1.0 id,  0.0 wa,  0.0 hi, 11.1 si,  0.0 st
%Cpu(s): 71.7 us, 16.1 sy,  0.0 ni,  0.5 id,  0.0 wa,  0.0 hi, 11.7 si,  0.0 st
%Cpu(s): 70.4 us, 17.5 sy,  0.0 ni,  0.0 id,  0.0 wa,  0.0 hi, 12.1 si,  0.0 st
%Cpu(s): 71.4 us, 16.5 sy,  0.0 ni,  0.5 id,  0.0 wa,  0.0 hi, 11.7 si,  0.0 st
%Cpu(s): 69.4 us, 18.0 sy,  0.0 ni,  0.5 id,  0.0 wa,  0.0 hi, 12.1 si,  0.0 st
%Cpu(s): 73.0 us, 14.7 sy,  0.0 ni,  0.5 id,  0.0 wa,  0.0 hi, 11.8 si,  0.0 st
%Cpu(s): 69.6 us, 18.2 sy,  0.0 ni,  0.9 id,  0.0 wa,  0.0 hi, 11.2 si,  0.0 st
%Cpu(s): 67.8 us, 20.9 sy,  0.0 ni,  0.5 id,  0.0 wa,  0.0 hi, 10.9 si,  0.0 st
%Cpu(s): 69.9 us, 16.5 sy,  0.0 ni,  0.5 id,  0.0 wa,  0.0 hi, 13.1 si,  0.0 st
%Cpu(s): 71.5 us, 16.4 sy,  0.0 ni,  0.5 id,  0.0 wa,  0.0 hi, 11.6 si,  0.0 st
%Cpu(s): 70.7 us, 16.6 sy,  0.0 ni,  0.5 id,  0.0 wa,  0.0 hi, 12.2 si,  0.0 st
%Cpu(s): 71.0 us, 15.9 sy,  0.0 ni,  0.5 id,  0.0 wa,  0.0 hi, 12.6 si,  0.0 st
%Cpu(s): 69.6 us, 17.6 sy,  0.0 ni,  0.5 id,  0.0 wa,  0.0 hi, 12.3 si,  0.0 st
%Cpu(s): 69.1 us, 17.9 sy,  0.0 ni,  0.5 id,  0.0 wa,  0.0 hi, 12.6 si,  0.0 st
%Cpu(s): 70.6 us, 16.7 sy,  0.0 ni,  0.5 id,  0.0 wa,  0.0 hi, 12.3 si,  0.0 st
%Cpu(s): 72.1 us, 15.4 sy,  0.0 ni,  1.0 id,  0.0 wa,  0.0 hi, 11.5 si,  0.0 st
%Cpu(s): 71.4 us, 15.5 sy,  0.0 ni,  0.5 id,  0.0 wa,  0.0 hi, 12.6 si,  0.0 st
%Cpu(s): 71.0 us, 16.4 sy,  0.0 ni,  1.0 id,  0.0 wa,  0.0 hi, 11.6 si,  0.0 st
%Cpu(s): 73.2 us, 16.1 sy,  0.0 ni,  0.0 id,  0.0 wa,  0.0 hi, 10.7 si,  0.0 st
%Cpu(s): 70.8 us, 17.5 sy,  0.0 ni,  0.5 id,  0.0 wa,  0.0 hi, 11.3 si,  0.0 st
%Cpu(s): 69.3 us, 20.5 sy,  0.0 ni,  0.0 id,  0.0 wa,  0.0 hi, 10.2 si,  0.0 st
%Cpu(s): 72.7 us, 16.3 sy,  0.0 ni,  0.5 id,  0.0 wa,  0.0 hi, 10.5 si,  0.0 st
%Cpu(s): 72.8 us, 15.5 sy,  0.0 ni,  0.5 id,  0.0 wa,  0.0 hi, 11.2 si,  0.0 st
%Cpu(s): 74.5 us, 15.4 sy,  0.0 ni,  0.5 id,  0.0 wa,  0.0 hi,  9.6 si,  0.0 st
%Cpu(s): 70.6 us, 16.7 sy,  0.0 ni,  0.0 id,  0.0 wa,  0.0 hi, 12.7 si,  0.0 st
%Cpu(s): 69.4 us, 18.9 sy,  0.0 ni,  0.5 id,  0.0 wa,  0.0 hi, 11.2 si,  0.0 st
%Cpu(s): 68.9 us, 19.6 sy,  0.0 ni,  0.5 id,  0.0 wa,  0.0 hi, 11.0 si,  0.0 st
%Cpu(s): 69.2 us, 19.7 sy,  0.0 ni,  0.5 id,  0.0 wa,  0.0 hi, 10.6 si,  0.0 st
%Cpu(s): 72.1 us, 15.4 sy,  0.0 ni,  0.0 id,  0.0 wa,  0.0 hi, 12.5 si,  0.0 st
%Cpu(s): 72.5 us, 15.7 sy,  0.0 ni,  0.5 id,  0.0 wa,  0.0 hi, 11.3 si,  0.0 st
%Cpu(s): 71.3 us, 14.8 sy,  0.0 ni,  0.5 id,  0.0 wa,  0.0 hi, 13.4 si,  0.0 st
%Cpu(s): 73.2 us, 16.1 sy,  0.0 ni,  0.0 id,  0.0 wa,  0.0 hi, 10.7 si,  0.0 st
%Cpu(s): 70.0 us, 16.9 sy,  0.0 ni,  1.0 id,  0.0 wa,  0.0 hi, 12.1 si,  0.0 st
%Cpu(s): 73.3 us, 15.5 sy,  0.0 ni,  0.5 id,  0.0 wa,  0.0 hi, 10.7 si,  0.0 st
%Cpu(s): 71.7 us, 15.6 sy,  0.0 ni,  0.5 id,  0.0 wa,  0.0 hi, 12.2 si,  0.0 st
%Cpu(s): 70.9 us, 16.0 sy,  0.0 ni,  0.5 id,  0.0 wa,  0.0 hi, 12.6 si,  0.0 st
%Cpu(s): 70.7 us, 15.9 sy,  0.0 ni,  1.0 id,  0.0 wa,  0.0 hi, 12.5 si,  0.0 st
%Cpu(s): 71.3 us, 16.3 sy,  0.0 ni,  1.5 id,  0.0 wa,  0.0 hi, 10.9 si,  0.0 st
%Cpu(s): 71.4 us, 17.0 sy,  0.0 ni,  1.0 id,  0.0 wa,  0.0 hi, 10.7 si,  0.0 st
%Cpu(s): 69.1 us, 18.4 sy,  0.0 ni,  0.5 id,  0.0 wa,  0.0 hi, 12.1 si,  0.0 st
%Cpu(s): 72.2 us, 16.1 sy,  0.0 ni,  0.5 id,  0.0 wa,  0.0 hi, 11.2 si,  0.0 st
%Cpu(s): 70.9 us, 16.0 sy,  0.0 ni,  0.5 id,  0.0 wa,  0.0 hi, 12.6 si,  0.0 st
%Cpu(s): 72.7 us, 14.6 sy,  0.0 ni,  1.0 id,  0.0 wa,  0.0 hi, 11.7 si,  0.0 st
%Cpu(s): 70.7 us, 17.1 sy,  0.0 ni,  0.5 id,  0.0 wa,  0.0 hi, 11.7 si,  0.0 st
%Cpu(s): 69.2 us, 17.5 sy,  0.0 ni,  0.5 id,  0.0 wa,  0.0 hi, 12.8 si,  0.0 st
%Cpu(s): 70.2 us, 17.6 sy,  0.0 ni,  0.5 id,  0.0 wa,  0.0 hi, 11.7 si,  0.0 st
%Cpu(s): 70.7 us, 16.1 sy,  0.0 ni,  1.0 id,  0.0 wa,  0.0 hi, 12.2 si,  0.0 st
%Cpu(s): 72.1 us, 16.3 sy,  0.0 ni,  0.5 id,  0.0 wa,  0.0 hi, 11.1 si,  0.0 st
%Cpu(s): 70.0 us, 18.8 sy,  0.0 ni,  0.0 id,  0.0 wa,  0.0 hi, 11.1 si,  0.0 st
%Cpu(s): 27.0 us,  5.9 sy,  0.0 ni, 63.2 id,  0.0 wa,  0.0 hi,  3.9 si,  0.0 st
%Cpu(s):  2.5 us,  1.5 sy,  0.0 ni, 95.0 id,  0.0 wa,  0.0 hi,  1.0 si,  0.0 st
%Cpu(s):  5.5 us,  1.0 sy,  0.0 ni, 93.5 id,  0.0 wa,  0.0 hi,  0.0 si,  0.0 st
%Cpu(s):  9.4 us,  3.4 sy,  0.0 ni, 86.2 id,  0.0 wa,  0.0 hi,  1.0 si,  0.0 st
%Cpu(s):  4.5 us,  1.5 sy,  0.0 ni, 94.0 id,  0.0 wa,  0.0 hi,  0.0 si,  0.0 st
%Cpu(s):  6.5 us,  2.0 sy,  0.0 ni, 90.0 id,  0.0 wa,  0.0 hi,  1.5 si,  0.0 st
%Cpu(s):  5.0 us,  2.0 sy,  0.0 ni, 92.6 id,  0.0 wa,  0.0 hi,  0.5 si,  0.0 st
%Cpu(s):  5.5 us,  1.0 sy,  0.0 ni, 93.0 id,  0.0 wa,  0.0 hi,  0.5 si,  0.0 st
%Cpu(s):  4.5 us,  1.5 sy,  0.0 ni, 94.0 id,  0.0 wa,  0.0 hi,  0.0 si,  0.0 st
%Cpu(s):  5.5 us,  1.5 sy,  0.0 ni, 92.5 id,  0.0 wa,  0.0 hi,  0.5 si,  0.0 st
%Cpu(s):  5.5 us,  2.5 sy,  0.0 ni, 91.5 id,  0.0 wa,  0.0 hi,  0.5 si,  0.0 st
%Cpu(s):  3.5 us,  2.0 sy,  0.0 ni, 93.5 id,  0.5 wa,  0.0 hi,  0.5 si,  0.0 st
%Cpu(s):  1.5 us,  1.5 sy,  0.0 ni, 97.0 id,  0.0 wa,  0.0 hi,  0.0 si,  0.0 st
