%Cpu(s): 51.5 us, 16.7 sy,  0.0 ni,  6.1 id,  0.0 wa,  0.0 hi, 25.8 si,  0.0 st
%Cpu(s): 51.0 us, 15.7 sy,  0.0 ni,  4.4 id,  0.0 wa,  0.0 hi, 28.9 si,  0.0 st
%Cpu(s): 50.2 us, 17.4 sy,  0.0 ni,  4.5 id,  0.0 wa,  0.0 hi, 27.9 si,  0.0 st
%Cpu(s): 50.7 us, 17.2 sy,  0.0 ni,  3.4 id,  0.0 wa,  0.0 hi, 28.6 si,  0.0 st
%Cpu(s): 51.5 us, 16.3 sy,  0.0 ni,  2.5 id,  0.0 wa,  0.0 hi, 29.7 si,  0.0 st
%Cpu(s): 50.0 us, 17.3 sy,  0.0 ni,  2.0 id,  0.0 wa,  0.0 hi, 30.7 si,  0.0 st
%Cpu(s): 49.3 us, 16.7 sy,  0.0 ni,  3.4 id,  0.0 wa,  0.0 hi, 30.5 si,  0.0 st
%Cpu(s): 50.2 us, 16.9 sy,  0.0 ni,  1.5 id,  0.0 wa,  0.0 hi, 31.3 si,  0.0 st
%Cpu(s): 51.0 us, 17.3 sy,  0.0 ni,  3.0 id,  0.0 wa,  0.0 hi, 28.7 si,  0.0 st
%Cpu(s): 51.0 us, 17.3 sy,  0.0 ni,  3.0 id,  0.0 wa,  0.0 hi, 28.7 si,  0.0 st
%Cpu(s): 49.0 us, 17.3 sy,  0.0 ni,  3.0 id,  0.0 wa,  0.0 hi, 30.7 si,  0.0 st
%Cpu(s): 50.0 us, 16.3 sy,  0.0 ni,  3.0 id,  0.0 wa,  0.0 hi, 30.7 si,  0.0 st
%Cpu(s): 48.0 us, 17.3 sy,  0.0 ni,  3.0 id,  0.0 wa,  0.0 hi, 31.7 si,  0.0 st
%Cpu(s): 50.2 us, 16.9 sy,  0.0 ni,  2.0 id,  0.0 wa,  0.0 hi, 30.8 si,  0.0 st
%Cpu(s): 50.2 us, 16.7 sy,  0.0 ni,  3.0 id,  0.0 wa,  0.0 hi, 30.0 si,  0.0 st
%Cpu(s): 51.5 us, 16.5 sy,  0.0 ni,  1.5 id,  0.0 wa,  0.0 hi, 30.5 si,  0.0 st
%Cpu(s): 51.2 us, 16.3 sy,  0.0 ni,  3.0 id,  0.0 wa,  0.0 hi, 29.6 si,  0.0 st
%Cpu(s): 50.5 us, 15.7 sy,  0.0 ni,  2.9 id,  0.0 wa,  0.0 hi, 30.9 si,  0.0 st
%Cpu(s): 49.8 us, 15.4 sy,  0.0 ni,  3.5 id,  0.0 wa,  0.0 hi, 31.3 si,  0.0 st
%Cpu(s): 49.3 us, 17.2 sy,  0.0 ni,  2.5 id,  0.0 wa,  0.0 hi, 31.0 si,  0.0 st
%Cpu(s): 48.5 us, 16.0 sy,  0.0 ni,  4.5 id,  0.0 wa,  0.0 hi, 31.0 si,  0.0 st
%Cpu(s): 51.5 us, 15.7 sy,  0.0 ni,  2.0 id,  0.0 wa,  0.0 hi, 30.9 si,  0.0 st
%Cpu(s): 49.0 us, 17.3 sy,  0.0 ni,  4.0 id,  0.0 wa,  0.0 hi, 29.7 si,  0.0 st
%Cpu(s): 51.2 us, 16.9 sy,  0.0 ni,  2.5 id,  0.0 wa,  0.0 hi, 29.4 si,  0.0 st
%Cpu(s): 52.2 us, 15.4 sy,  0.0 ni,  2.0 id,  0.0 wa,  0.0 hi, 30.3 si,  0.0 st
%Cpu(s): 50.5 us, 16.7 sy,  0.0 ni,  2.0 id,  0.0 wa,  0.0 hi, 30.9 si,  0.0 st
%Cpu(s): 52.5 us, 16.2 sy,  0.0 ni,  2.9 id,  0.0 wa,  0.0 hi, 28.4 si,  0.0 st
%Cpu(s): 50.0 us, 17.0 sy,  0.0 ni,  4.0 id,  0.0 wa,  0.0 hi, 29.0 si,  0.0 st
%Cpu(s): 48.5 us, 17.3 sy,  0.0 ni,  5.0 id,  0.0 wa,  0.0 hi, 29.2 si,  0.0 st
%Cpu(s): 49.0 us, 16.3 sy,  0.0 ni,  2.0 id,  0.0 wa,  0.0 hi, 32.7 si,  0.0 st
%Cpu(s): 49.8 us, 16.3 sy,  0.0 ni,  3.9 id,  0.0 wa,  0.0 hi, 30.0 si,  0.0 st
%Cpu(s): 51.7 us, 15.3 sy,  0.0 ni,  3.9 id,  0.0 wa,  0.0 hi, 29.1 si,  0.0 st
%Cpu(s): 48.3 us, 18.9 sy,  0.0 ni,  5.5 id,  0.0 wa,  0.0 hi, 27.4 si,  0.0 st
%Cpu(s): 49.5 us, 16.3 sy,  0.0 ni,  3.5 id,  0.0 wa,  0.0 hi, 30.7 si,  0.0 st
%Cpu(s): 49.5 us, 17.2 sy,  0.0 ni,  3.4 id,  0.0 wa,  0.0 hi, 29.9 si,  0.0 st
%Cpu(s): 50.5 us, 16.3 sy,  0.0 ni,  2.0 id,  0.0 wa,  0.0 hi, 31.2 si,  0.0 st
%Cpu(s): 52.0 us, 14.9 sy,  0.0 ni,  3.5 id,  0.0 wa,  0.0 hi, 29.7 si,  0.0 st
%Cpu(s): 50.0 us, 15.2 sy,  0.0 ni,  3.9 id,  0.0 wa,  0.0 hi, 30.9 si,  0.0 st
%Cpu(s): 49.0 us, 17.5 sy,  0.0 ni,  3.5 id,  0.0 wa,  0.0 hi, 30.0 si,  0.0 st
%Cpu(s): 49.8 us, 18.2 sy,  0.0 ni,  2.5 id,  0.0 wa,  0.0 hi, 29.6 si,  0.0 st
%Cpu(s): 50.2 us, 16.7 sy,  0.0 ni,  3.4 id,  0.0 wa,  0.0 hi, 29.6 si,  0.0 st
%Cpu(s): 48.8 us, 16.4 sy,  0.0 ni,  3.0 id,  0.0 wa,  0.0 hi, 31.8 si,  0.0 st
%Cpu(s): 49.3 us, 17.2 sy,  0.0 ni,  3.4 id,  0.0 wa,  0.0 hi, 30.0 si,  0.0 st
%Cpu(s): 47.8 us, 18.2 sy,  0.0 ni,  3.0 id,  0.0 wa,  0.0 hi, 31.0 si,  0.0 st
%Cpu(s): 49.3 us, 17.9 sy,  0.0 ni,  2.0 id,  0.0 wa,  0.0 hi, 30.8 si,  0.0 st
%Cpu(s): 49.3 us, 18.2 sy,  0.0 ni,  2.0 id,  0.0 wa,  0.0 hi, 30.5 si,  0.0 st
%Cpu(s): 50.7 us, 16.3 sy,  0.0 ni,  3.9 id,  0.0 wa,  0.0 hi, 29.1 si,  0.0 st
%Cpu(s): 48.8 us, 17.2 sy,  0.0 ni,  2.5 id,  0.0 wa,  0.0 hi, 31.5 si,  0.0 st
%Cpu(s): 49.3 us, 15.9 sy,  0.0 ni,  3.5 id,  0.0 wa,  0.0 hi, 31.3 si,  0.0 st
%Cpu(s): 49.0 us, 17.2 sy,  0.0 ni,  2.5 id,  0.0 wa,  0.0 hi, 31.4 si,  0.0 st
%Cpu(s): 14.9 us,  5.0 sy,  0.0 ni, 71.6 id,  0.0 wa,  0.0 hi,  8.5 si,  0.0 st
%Cpu(s):  4.5 us,  3.5 sy,  0.0 ni, 92.0 id,  0.0 wa,  0.0 hi,  0.0 si,  0.0 st
%Cpu(s):  1.5 us,  1.0 sy,  0.0 ni, 97.5 id,  0.0 wa,  0.0 hi,  0.0 si,  0.0 st
%Cpu(s):  0.5 us,  0.0 sy,  0.0 ni, 99.0 id,  0.0 wa,  0.0 hi,  0.5 si,  0.0 st
%Cpu(s):  2.0 us,  0.5 sy,  0.0 ni, 97.5 id,  0.0 wa,  0.0 hi,  0.0 si,  0.0 st
%Cpu(s):  0.5 us,  0.5 sy,  0.0 ni, 99.0 id,  0.0 wa,  0.0 hi,  0.0 si,  0.0 st
%Cpu(s):  1.0 us,  0.5 sy,  0.0 ni, 98.5 id,  0.0 wa,  0.0 hi,  0.0 si,  0.0 st
%Cpu(s):  0.5 us,  0.5 sy,  0.0 ni, 99.0 id,  0.0 wa,  0.0 hi,  0.0 si,  0.0 st
%Cpu(s):  1.0 us,  0.5 sy,  0.0 ni, 98.5 id,  0.0 wa,  0.0 hi,  0.0 si,  0.0 st
%Cpu(s):  1.0 us,  1.0 sy,  0.0 ni, 97.5 id,  0.5 wa,  0.0 hi,  0.0 si,  0.0 st
%Cpu(s):  4.5 us,  1.0 sy,  0.0 ni, 94.5 id,  0.0 wa,  0.0 hi,  0.0 si,  0.0 st
%Cpu(s):  4.0 us,  0.5 sy,  0.0 ni, 95.5 id,  0.0 wa,  0.0 hi,  0.0 si,  0.0 st
%Cpu(s):  7.5 us,  2.5 sy,  0.0 ni, 89.6 id,  0.0 wa,  0.0 hi,  0.5 si,  0.0 st
%Cpu(s):  3.4 us,  1.0 sy,  0.0 ni, 95.6 id,  0.0 wa,  0.0 hi,  0.0 si,  0.0 st
