%Cpu(s): 73.4 us, 16.5 sy,  0.0 ni,  0.0 id,  0.0 wa,  0.0 hi, 10.1 si,  0.0 st
%Cpu(s): 69.6 us, 17.4 sy,  0.0 ni,  1.0 id,  0.0 wa,  0.0 hi, 12.1 si,  0.0 st
%Cpu(s): 71.4 us, 16.7 sy,  0.0 ni,  1.0 id,  0.0 wa,  0.0 hi, 11.0 si,  0.0 st
%Cpu(s): 71.0 us, 16.4 sy,  0.0 ni,  0.5 id,  0.0 wa,  0.0 hi, 12.1 si,  0.0 st
%Cpu(s): 71.1 us, 16.7 sy,  0.0 ni,  0.5 id,  0.0 wa,  0.0 hi, 11.8 si,  0.0 st
%Cpu(s): 70.0 us, 15.9 sy,  0.0 ni,  1.0 id,  0.0 wa,  0.0 hi, 13.0 si,  0.0 st
%Cpu(s): 72.8 us, 15.5 sy,  0.0 ni,  0.5 id,  0.0 wa,  0.0 hi, 11.2 si,  0.0 st
%Cpu(s): 71.6 us, 17.2 sy,  0.0 ni,  0.5 id,  0.0 wa,  0.0 hi, 10.8 si,  0.0 st
%Cpu(s): 70.2 us, 16.7 sy,  0.0 ni,  1.9 id,  0.0 wa,  0.0 hi, 11.2 si,  0.0 st
%Cpu(s): 71.5 us, 15.5 sy,  0.0 ni,  1.0 id,  0.0 wa,  0.0 hi, 12.1 si,  0.0 st
%Cpu(s): 71.7 us, 16.1 sy,  0.0 ni,  0.5 id,  0.0 wa,  0.0 hi, 11.7 si,  0.0 st
%Cpu(s): 70.2 us, 16.6 sy,  0.0 ni,  1.0 id,  0.0 wa,  0.0 hi, 12.2 si,  0.0 st
%Cpu(s): 72.7 us, 15.1 sy,  0.0 ni,  0.5 id,  0.0 wa,  0.0 hi, 11.7 si,  0.0 st
%Cpu(s): 70.5 us, 18.1 sy,  0.0 ni,  0.5 id,  0.0 wa,  0.0 hi, 11.0 si,  0.0 st
%Cpu(s): 71.4 us, 16.5 sy,  0.0 ni,  1.0 id,  0.0 wa,  0.0 hi, 11.2 si,  0.0 st
%Cpu(s): 71.6 us, 17.6 sy,  0.0 ni,  0.5 id,  0.0 wa,  0.0 hi, 10.3 si,  0.0 st
%Cpu(s): 70.5 us, 15.7 sy,  0.0 ni,  1.0 id,  0.0 wa,  0.0 hi, 12.9 si,  0.0 st
%Cpu(s): 72.2 us, 14.6 sy,  0.0 ni,  0.5 id,  0.0 wa,  0.0 hi, 12.7 si,  0.0 st
%Cpu(s): 74.0 us, 15.2 sy,  0.0 ni,  0.5 id,  0.0 wa,  0.0 hi, 10.3 si,  0.0 st
%Cpu(s): 71.0 us, 16.7 sy,  0.0 ni,  1.9 id,  0.0 wa,  0.0 hi, 10.5 si,  0.0 st
%Cpu(s): 71.6 us, 13.9 sy,  0.0 ni,  1.4 id,  0.0 wa,  0.0 hi, 13.0 si,  0.0 st
%Cpu(s): 73.8 us, 14.6 sy,  0.0 ni,  0.5 id,  0.0 wa,  0.0 hi, 11.2 si,  0.0 st
%Cpu(s): 73.7 us, 14.1 sy,  0.0 ni,  0.0 id,  0.0 wa,  0.0 hi, 12.2 si,  0.0 st
%Cpu(s): 71.7 us, 16.6 sy,  0.0 ni,  0.5 id,  0.0 wa,  0.0 hi, 11.2 si,  0.0 st
%Cpu(s): 71.4 us, 18.0 sy,  0.0 ni,  0.5 id,  0.0 wa,  0.0 hi, 10.2 si,  0.0 st
%Cpu(s): 70.6 us, 19.4 sy,  0.0 ni,  0.9 id,  0.0 wa,  0.0 hi,  9.0 si,  0.0 st
%Cpu(s): 71.6 us, 15.2 sy,  0.0 ni,  0.5 id,  0.0 wa,  0.0 hi, 12.7 si,  0.0 st
%Cpu(s): 72.7 us, 15.8 sy,  0.0 ni,  0.5 id,  0.0 wa,  0.0 hi, 11.0 si,  0.0 st
%Cpu(s): 73.2 us, 15.6 sy,  0.0 ni,  0.5 id,  0.0 wa,  0.0 hi, 10.7 si,  0.0 st
%Cpu(s): 70.7 us, 15.6 sy,  0.0 ni,  0.5 id,  0.0 wa,  0.0 hi, 13.2 si,  0.0 st
%Cpu(s): 70.3 us, 16.3 sy,  0.0 ni,  1.0 id,  0.0 wa,  0.0 hi, 12.4 si,  0.0 st
%Cpu(s): 70.6 us, 18.5 sy,  0.0 ni,  0.5 id,  0.0 wa,  0.0 hi, 10.4 si,  0.0 st
%Cpu(s): 72.3 us, 15.0 sy,  0.0 ni,  0.0 id,  0.0 wa,  0.0 hi, 12.6 si,  0.0 st
%Cpu(s): 71.6 us, 16.1 sy,  0.0 ni,  1.4 id,  0.0 wa,  0.0 hi, 10.9 si,  0.0 st
%Cpu(s): 72.0 us, 17.3 sy,  0.0 ni,  0.5 id,  0.0 wa,  0.0 hi, 10.3 si,  0.0 st
%Cpu(s): 74.0 us, 14.4 sy,  0.0 ni,  0.5 id,  0.0 wa,  0.0 hi, 11.1 si,  0.0 st
%Cpu(s): 74.0 us, 14.7 sy,  0.0 ni,  0.5 id,  0.0 wa,  0.0 hi, 10.8 si,  0.0 st
%Cpu(s): 71.5 us, 15.5 sy,  0.0 ni,  1.4 id,  0.0 wa,  0.0 hi, 11.6 si,  0.0 st
%Cpu(s): 72.9 us, 15.5 sy,  0.0 ni,  0.5 id,  0.0 wa,  0.0 hi, 11.1 si,  0.0 st
%Cpu(s): 70.9 us, 16.5 sy,  0.0 ni,  0.5 id,  0.0 wa,  0.0 hi, 12.1 si,  0.0 st
%Cpu(s): 71.8 us, 15.3 sy,  0.0 ni,  0.5 id,  0.0 wa,  0.0 hi, 12.4 si,  0.0 st
%Cpu(s): 71.4 us, 16.0 sy,  0.0 ni,  0.5 id,  0.0 wa,  0.0 hi, 12.1 si,  0.0 st
%Cpu(s): 73.4 us, 15.5 sy,  0.0 ni,  1.0 id,  0.0 wa,  0.0 hi, 10.1 si,  0.0 st
%Cpu(s): 70.2 us, 16.1 sy,  0.0 ni,  0.5 id,  0.0 wa,  0.0 hi, 13.2 si,  0.0 st
%Cpu(s): 71.7 us, 16.1 sy,  0.0 ni,  0.5 id,  0.0 wa,  0.0 hi, 11.7 si,  0.0 st
%Cpu(s): 74.1 us, 14.6 sy,  0.0 ni,  0.5 id,  0.0 wa,  0.0 hi, 10.7 si,  0.0 st
%Cpu(s): 71.1 us, 14.7 sy,  0.0 ni,  0.9 id,  0.0 wa,  0.0 hi, 13.3 si,  0.0 st
%Cpu(s): 72.4 us, 17.2 sy,  0.0 ni,  0.5 id,  0.0 wa,  0.0 hi,  9.9 si,  0.0 st
%Cpu(s): 70.2 us, 15.9 sy,  0.0 ni,  0.5 id,  0.0 wa,  0.0 hi, 13.5 si,  0.0 st
%Cpu(s): 73.2 us, 15.1 sy,  0.0 ni,  1.0 id,  0.0 wa,  0.0 hi, 10.7 si,  0.0 st
%Cpu(s): 48.3 us, 11.9 sy,  0.0 ni, 30.8 id,  0.0 wa,  0.0 hi,  9.0 si,  0.0 st
%Cpu(s):  4.0 us,  1.5 sy,  0.0 ni, 94.0 id,  0.0 wa,  0.0 hi,  0.5 si,  0.0 st
%Cpu(s):  5.0 us,  1.5 sy,  0.0 ni, 93.1 id,  0.0 wa,  0.0 hi,  0.5 si,  0.0 st
%Cpu(s):  5.4 us,  2.0 sy,  0.0 ni, 92.1 id,  0.0 wa,  0.0 hi,  0.5 si,  0.0 st
%Cpu(s): 19.2 us, 10.6 sy,  0.0 ni, 70.2 id,  0.0 wa,  0.0 hi,  0.0 si,  0.0 st
%Cpu(s):  4.0 us,  1.0 sy,  0.0 ni, 94.5 id,  0.0 wa,  0.0 hi,  0.5 si,  0.0 st
%Cpu(s):  4.5 us,  1.5 sy,  0.0 ni, 93.6 id,  0.0 wa,  0.0 hi,  0.5 si,  0.0 st
%Cpu(s):  8.0 us,  2.5 sy,  0.0 ni, 89.1 id,  0.0 wa,  0.0 hi,  0.5 si,  0.0 st
%Cpu(s):  5.4 us,  1.5 sy,  0.0 ni, 92.1 id,  0.0 wa,  0.0 hi,  1.0 si,  0.0 st
%Cpu(s):  5.0 us,  1.5 sy,  0.0 ni, 93.1 id,  0.0 wa,  0.0 hi,  0.5 si,  0.0 st
%Cpu(s):  3.5 us,  1.5 sy,  0.0 ni, 94.0 id,  0.0 wa,  0.0 hi,  1.0 si,  0.0 st
%Cpu(s):  5.0 us,  2.0 sy,  0.0 ni, 92.5 id,  0.0 wa,  0.0 hi,  0.5 si,  0.0 st
%Cpu(s):  2.5 us,  1.5 sy,  0.0 ni, 95.5 id,  0.0 wa,  0.0 hi,  0.5 si,  0.0 st
