%Cpu(s): 40.0 us, 10.8 sy,  0.0 ni, 40.0 id,  0.0 wa,  0.0 hi,  9.2 si,  0.0 st
%Cpu(s): 41.9 us,  9.9 sy,  0.0 ni, 36.9 id,  0.0 wa,  0.0 hi, 11.3 si,  0.0 st
%Cpu(s): 42.4 us,  9.9 sy,  0.0 ni, 36.9 id,  0.0 wa,  0.0 hi, 10.8 si,  0.0 st
%Cpu(s): 44.8 us, 10.3 sy,  0.0 ni, 34.5 id,  0.0 wa,  0.0 hi, 10.3 si,  0.0 st
%Cpu(s): 42.9 us,  8.1 sy,  0.0 ni, 38.9 id,  0.0 wa,  0.0 hi, 10.1 si,  0.0 st
%Cpu(s): 43.8 us,  9.5 sy,  0.0 ni, 36.8 id,  0.0 wa,  0.0 hi, 10.0 si,  0.0 st
%Cpu(s): 43.1 us,  8.9 sy,  0.0 ni, 38.6 id,  0.0 wa,  0.0 hi,  9.4 si,  0.0 st
%Cpu(s): 44.3 us, 10.0 sy,  0.0 ni, 35.8 id,  0.0 wa,  0.0 hi, 10.0 si,  0.0 st
%Cpu(s): 47.0 us,  9.9 sy,  0.0 ni, 33.7 id,  0.0 wa,  0.0 hi,  9.4 si,  0.0 st
%Cpu(s): 47.8 us, 12.4 sy,  0.0 ni, 30.3 id,  0.0 wa,  0.0 hi,  9.5 si,  0.0 st
%Cpu(s): 46.7 us, 10.7 sy,  0.0 ni, 34.0 id,  0.0 wa,  0.0 hi,  8.6 si,  0.0 st
%Cpu(s): 42.6 us,  9.8 sy,  0.0 ni, 36.8 id,  0.0 wa,  0.0 hi, 10.8 si,  0.0 st
%Cpu(s): 42.5 us, 10.1 sy,  0.0 ni, 38.2 id,  0.0 wa,  0.0 hi,  9.2 si,  0.0 st
%Cpu(s): 44.6 us,  7.9 sy,  0.0 ni, 36.1 id,  0.0 wa,  0.0 hi, 11.4 si,  0.0 st
%Cpu(s): 43.3 us,  9.4 sy,  0.0 ni, 37.9 id,  0.0 wa,  0.0 hi,  9.4 si,  0.0 st
%Cpu(s): 43.5 us,  9.2 sy,  0.0 ni, 36.7 id,  1.0 wa,  0.0 hi,  9.7 si,  0.0 st
%Cpu(s): 43.9 us,  9.6 sy,  0.0 ni, 37.4 id,  0.0 wa,  0.0 hi,  9.1 si,  0.0 st
%Cpu(s): 45.6 us,  9.3 sy,  0.0 ni, 34.8 id,  0.0 wa,  0.0 hi, 10.3 si,  0.0 st
%Cpu(s): 44.0 us,  9.5 sy,  0.0 ni, 36.0 id,  0.0 wa,  0.0 hi, 10.5 si,  0.0 st
%Cpu(s): 44.0 us,  9.0 sy,  0.0 ni, 36.0 id,  0.0 wa,  0.0 hi, 11.0 si,  0.0 st
%Cpu(s): 43.3 us,  9.4 sy,  0.0 ni, 36.9 id,  0.0 wa,  0.0 hi, 10.3 si,  0.0 st
%Cpu(s): 41.6 us,  9.9 sy,  0.0 ni, 36.6 id,  0.0 wa,  0.0 hi, 11.9 si,  0.0 st
%Cpu(s): 43.6 us,  9.4 sy,  0.0 ni, 37.6 id,  0.0 wa,  0.0 hi,  9.4 si,  0.0 st
%Cpu(s): 43.8 us,  9.9 sy,  0.0 ni, 35.5 id,  0.0 wa,  0.0 hi, 10.8 si,  0.0 st
%Cpu(s): 41.9 us,  9.9 sy,  0.0 ni, 38.4 id,  0.0 wa,  0.0 hi,  9.9 si,  0.0 st
%Cpu(s): 44.3 us,  9.0 sy,  0.0 ni, 37.3 id,  0.0 wa,  0.0 hi,  9.5 si,  0.0 st
%Cpu(s): 42.7 us,  8.0 sy,  0.0 ni, 38.7 id,  0.0 wa,  0.0 hi, 10.6 si,  0.0 st
%Cpu(s): 43.4 us,  9.3 sy,  0.0 ni, 37.1 id,  0.0 wa,  0.0 hi, 10.2 si,  0.0 st
%Cpu(s): 42.5 us,  8.0 sy,  0.0 ni, 39.5 id,  0.0 wa,  0.0 hi, 10.0 si,  0.0 st
%Cpu(s): 42.9 us, 10.8 sy,  0.0 ni, 35.5 id,  0.0 wa,  0.0 hi, 10.8 si,  0.0 st
%Cpu(s): 44.0 us, 12.5 sy,  0.0 ni, 33.0 id,  0.0 wa,  0.0 hi, 10.5 si,  0.0 st
%Cpu(s): 44.1 us,  8.4 sy,  0.0 ni, 37.6 id,  0.0 wa,  0.0 hi,  9.9 si,  0.0 st
%Cpu(s): 42.5 us,  9.0 sy,  0.0 ni, 39.0 id,  0.0 wa,  0.0 hi,  9.5 si,  0.0 st
%Cpu(s): 41.7 us,  9.8 sy,  0.0 ni, 37.7 id,  0.0 wa,  0.0 hi, 10.8 si,  0.0 st
%Cpu(s): 42.5 us,  9.0 sy,  0.0 ni, 37.5 id,  0.0 wa,  0.0 hi, 11.0 si,  0.0 st
%Cpu(s): 43.1 us,  8.4 sy,  0.0 ni, 39.1 id,  0.0 wa,  0.0 hi,  9.4 si,  0.0 st
%Cpu(s): 42.2 us,  8.8 sy,  0.0 ni, 37.7 id,  0.0 wa,  0.0 hi, 11.3 si,  0.0 st
%Cpu(s): 43.8 us, 10.0 sy,  0.0 ni, 36.3 id,  0.0 wa,  0.0 hi, 10.0 si,  0.0 st
%Cpu(s): 42.4 us,  8.9 sy,  0.0 ni, 39.4 id,  0.0 wa,  0.0 hi,  9.4 si,  0.0 st
%Cpu(s): 43.4 us,  9.6 sy,  0.0 ni, 36.9 id,  0.0 wa,  0.0 hi, 10.1 si,  0.0 st
%Cpu(s): 42.6 us,  8.4 sy,  0.0 ni, 38.6 id,  0.0 wa,  0.0 hi, 10.4 si,  0.0 st
%Cpu(s): 43.7 us,  9.2 sy,  0.0 ni, 37.4 id,  0.0 wa,  0.0 hi,  9.7 si,  0.0 st
%Cpu(s): 42.8 us,  9.5 sy,  0.0 ni, 37.8 id,  0.0 wa,  0.0 hi, 10.0 si,  0.0 st
%Cpu(s): 44.1 us,  9.4 sy,  0.0 ni, 36.1 id,  0.0 wa,  0.0 hi, 10.4 si,  0.0 st
%Cpu(s): 44.1 us,  9.4 sy,  0.0 ni, 35.6 id,  0.0 wa,  0.0 hi, 10.9 si,  0.0 st
%Cpu(s): 44.6 us, 10.4 sy,  0.0 ni, 35.6 id,  0.0 wa,  0.0 hi,  9.4 si,  0.0 st
%Cpu(s): 46.3 us,  9.0 sy,  0.0 ni, 35.3 id,  0.0 wa,  0.0 hi,  9.5 si,  0.0 st
%Cpu(s): 44.1 us, 10.9 sy,  0.0 ni, 35.6 id,  0.0 wa,  0.0 hi,  9.4 si,  0.0 st
%Cpu(s): 44.6 us,  7.9 sy,  0.0 ni, 36.1 id,  0.0 wa,  0.0 hi, 11.4 si,  0.0 st
%Cpu(s): 46.0 us, 10.5 sy,  0.0 ni, 33.5 id,  0.0 wa,  0.0 hi, 10.0 si,  0.0 st
%Cpu(s): 46.1 us, 11.3 sy,  0.0 ni, 31.9 id,  0.0 wa,  0.0 hi, 10.8 si,  0.0 st
%Cpu(s): 13.9 us,  3.5 sy,  0.0 ni, 78.6 id,  0.0 wa,  0.0 hi,  4.0 si,  0.0 st
%Cpu(s):  0.5 us,  0.5 sy,  0.0 ni, 99.0 id,  0.0 wa,  0.0 hi,  0.0 si,  0.0 st
%Cpu(s):  2.5 us,  1.5 sy,  0.0 ni, 95.5 id,  0.0 wa,  0.0 hi,  0.5 si,  0.0 st
%Cpu(s):  0.5 us,  0.0 sy,  0.0 ni, 99.5 id,  0.0 wa,  0.0 hi,  0.0 si,  0.0 st
%Cpu(s):  0.5 us,  0.5 sy,  0.0 ni, 99.0 id,  0.0 wa,  0.0 hi,  0.0 si,  0.0 st
%Cpu(s):  0.5 us,  0.5 sy,  0.0 ni, 99.0 id,  0.0 wa,  0.0 hi,  0.0 si,  0.0 st
%Cpu(s):  2.0 us,  1.0 sy,  0.0 ni, 97.0 id,  0.0 wa,  0.0 hi,  0.0 si,  0.0 st
%Cpu(s):  0.5 us,  0.5 sy,  0.0 ni, 99.0 id,  0.0 wa,  0.0 hi,  0.0 si,  0.0 st
%Cpu(s):  0.0 us,  0.5 sy,  0.0 ni, 99.0 id,  0.0 wa,  0.0 hi,  0.5 si,  0.0 st
%Cpu(s):  1.5 us,  0.5 sy,  0.0 ni, 98.0 id,  0.0 wa,  0.0 hi,  0.0 si,  0.0 st
%Cpu(s):  2.5 us,  1.0 sy,  0.0 ni, 96.5 id,  0.0 wa,  0.0 hi,  0.0 si,  0.0 st
%Cpu(s):  8.6 us,  4.0 sy,  0.0 ni, 87.4 id,  0.0 wa,  0.0 hi,  0.0 si,  0.0 st
%Cpu(s):  1.0 us,  1.0 sy,  0.0 ni, 98.0 id,  0.0 wa,  0.0 hi,  0.0 si,  0.0 st
%Cpu(s):  1.0 us,  0.0 sy,  0.0 ni, 99.0 id,  0.0 wa,  0.0 hi,  0.0 si,  0.0 st
