%Cpu(s): 69.0 us, 20.7 sy,  0.0 ni,  0.0 id,  0.0 wa,  0.0 hi, 10.3 si,  0.0 st
%Cpu(s): 70.7 us, 17.8 sy,  0.0 ni,  0.5 id,  0.0 wa,  0.0 hi, 11.1 si,  0.0 st
%Cpu(s): 72.7 us, 15.1 sy,  0.0 ni,  0.5 id,  0.0 wa,  0.0 hi, 11.7 si,  0.0 st
%Cpu(s): 70.2 us, 16.8 sy,  0.0 ni,  1.0 id,  0.0 wa,  0.0 hi, 12.0 si,  0.0 st
%Cpu(s): 72.6 us, 16.8 sy,  0.0 ni,  0.0 id,  0.0 wa,  0.0 hi, 10.6 si,  0.0 st
%Cpu(s): 73.4 us, 14.5 sy,  0.0 ni,  0.5 id,  0.0 wa,  0.0 hi, 11.6 si,  0.0 st
%Cpu(s): 72.5 us, 15.7 sy,  0.0 ni,  0.5 id,  0.0 wa,  0.0 hi, 11.3 si,  0.0 st
%Cpu(s): 72.7 us, 16.7 sy,  0.0 ni,  0.5 id,  0.0 wa,  0.0 hi, 10.0 si,  0.0 st
%Cpu(s): 71.0 us, 17.4 sy,  0.0 ni,  0.5 id,  0.0 wa,  0.0 hi, 11.1 si,  0.0 st
%Cpu(s): 71.4 us, 17.0 sy,  0.0 ni,  0.0 id,  0.0 wa,  0.0 hi, 11.7 si,  0.0 st
%Cpu(s): 72.2 us, 17.0 sy,  0.0 ni,  0.5 id,  0.0 wa,  0.0 hi, 10.4 si,  0.0 st
%Cpu(s): 71.2 us, 16.0 sy,  0.0 ni,  0.5 id,  0.0 wa,  0.0 hi, 12.3 si,  0.0 st
%Cpu(s): 70.8 us, 17.5 sy,  0.0 ni,  0.5 id,  0.0 wa,  0.0 hi, 11.3 si,  0.0 st
%Cpu(s): 72.2 us, 16.1 sy,  0.0 ni,  0.5 id,  0.0 wa,  0.0 hi, 11.2 si,  0.0 st
%Cpu(s): 72.2 us, 16.1 sy,  0.0 ni,  0.5 id,  0.0 wa,  0.0 hi, 11.2 si,  0.0 st
%Cpu(s): 70.9 us, 16.0 sy,  0.0 ni,  0.5 id,  0.0 wa,  0.0 hi, 12.6 si,  0.0 st
%Cpu(s): 69.4 us, 18.5 sy,  0.0 ni,  1.4 id,  0.0 wa,  0.0 hi, 10.6 si,  0.0 st
%Cpu(s): 70.5 us, 16.4 sy,  0.0 ni,  0.5 id,  0.0 wa,  0.0 hi, 12.6 si,  0.0 st
%Cpu(s): 73.2 us, 15.1 sy,  0.0 ni,  0.5 id,  0.0 wa,  0.0 hi, 11.2 si,  0.0 st
%Cpu(s): 70.7 us, 16.8 sy,  0.0 ni,  1.0 id,  0.0 wa,  0.0 hi, 11.5 si,  0.0 st
%Cpu(s): 71.4 us, 16.7 sy,  0.0 ni,  0.5 id,  0.0 wa,  0.0 hi, 11.3 si,  0.0 st
%Cpu(s): 69.7 us, 19.0 sy,  0.0 ni,  0.5 id,  0.0 wa,  0.0 hi, 10.9 si,  0.0 st
%Cpu(s): 72.9 us, 15.5 sy,  0.0 ni,  0.5 id,  0.0 wa,  0.0 hi, 11.1 si,  0.0 st
%Cpu(s): 71.9 us, 17.2 sy,  0.0 ni,  0.5 id,  0.0 wa,  0.0 hi, 10.3 si,  0.0 st
%Cpu(s): 71.5 us, 15.9 sy,  0.0 ni,  0.5 id,  0.0 wa,  0.0 hi, 12.1 si,  0.0 st
%Cpu(s): 69.0 us, 19.7 sy,  0.0 ni,  0.5 id,  0.0 wa,  0.0 hi, 10.8 si,  0.0 st
%Cpu(s): 71.1 us, 17.2 sy,  0.0 ni,  0.5 id,  0.0 wa,  0.0 hi, 11.3 si,  0.0 st
%Cpu(s): 73.0 us, 14.7 sy,  0.0 ni,  0.5 id,  0.0 wa,  0.0 hi, 11.8 si,  0.0 st
%Cpu(s): 70.8 us, 16.7 sy,  0.0 ni,  0.5 id,  0.0 wa,  0.0 hi, 12.0 si,  0.0 st
%Cpu(s): 74.1 us, 15.1 sy,  0.0 ni,  0.0 id,  0.0 wa,  0.0 hi, 10.7 si,  0.0 st
%Cpu(s): 69.8 us, 18.0 sy,  0.0 ni,  0.5 id,  0.0 wa,  0.0 hi, 11.7 si,  0.0 st
%Cpu(s): 71.4 us, 17.6 sy,  0.0 ni,  0.5 id,  0.0 wa,  0.0 hi, 10.5 si,  0.0 st
%Cpu(s): 70.4 us, 19.4 sy,  0.0 ni,  0.0 id,  0.0 wa,  0.0 hi, 10.2 si,  0.0 st
%Cpu(s): 73.3 us, 15.7 sy,  0.0 ni,  0.5 id,  0.0 wa,  0.0 hi, 10.5 si,  0.0 st
%Cpu(s): 70.6 us, 18.0 sy,  0.0 ni,  0.5 id,  0.0 wa,  0.0 hi, 10.9 si,  0.0 st
%Cpu(s): 72.0 us, 16.6 sy,  0.0 ni,  0.0 id,  0.0 wa,  0.0 hi, 11.4 si,  0.0 st
%Cpu(s): 71.4 us, 17.1 sy,  0.0 ni,  0.5 id,  0.0 wa,  0.0 hi, 11.0 si,  0.0 st
%Cpu(s): 74.5 us, 14.9 sy,  0.0 ni,  0.5 id,  0.0 wa,  0.0 hi, 10.1 si,  0.0 st
%Cpu(s): 72.8 us, 16.0 sy,  0.0 ni,  0.0 id,  0.0 wa,  0.0 hi, 11.2 si,  0.0 st
%Cpu(s): 73.7 us, 14.6 sy,  0.0 ni,  0.5 id,  0.0 wa,  0.0 hi, 11.3 si,  0.0 st
%Cpu(s): 73.1 us, 16.3 sy,  0.0 ni,  0.5 id,  0.0 wa,  0.0 hi, 10.1 si,  0.0 st
%Cpu(s): 72.1 us, 16.3 sy,  0.0 ni,  0.5 id,  0.0 wa,  0.0 hi, 11.1 si,  0.0 st
%Cpu(s): 71.1 us, 15.7 sy,  0.0 ni,  0.5 id,  0.0 wa,  0.0 hi, 12.7 si,  0.0 st
%Cpu(s): 72.7 us, 15.3 sy,  0.0 ni,  0.5 id,  0.0 wa,  0.0 hi, 11.5 si,  0.0 st
%Cpu(s): 71.2 us, 15.9 sy,  0.0 ni,  0.0 id,  0.0 wa,  0.0 hi, 13.0 si,  0.0 st
%Cpu(s): 71.2 us, 16.7 sy,  0.0 ni,  0.9 id,  0.0 wa,  0.0 hi, 11.2 si,  0.0 st
%Cpu(s): 72.1 us, 16.2 sy,  0.0 ni,  0.5 id,  0.0 wa,  0.0 hi, 11.3 si,  0.0 st
%Cpu(s): 70.5 us, 16.4 sy,  0.0 ni,  0.5 id,  0.0 wa,  0.0 hi, 12.6 si,  0.0 st
%Cpu(s): 73.4 us, 15.5 sy,  0.0 ni,  0.0 id,  0.0 wa,  0.0 hi, 11.1 si,  0.0 st
%Cpu(s): 69.8 us, 18.0 sy,  0.0 ni,  0.5 id,  0.0 wa,  0.0 hi, 11.7 si,  0.0 st
%Cpu(s): 12.8 us,  4.4 sy,  0.0 ni, 79.8 id,  0.0 wa,  0.0 hi,  3.0 si,  0.0 st
%Cpu(s):  2.5 us,  2.0 sy,  0.0 ni, 95.5 id,  0.0 wa,  0.0 hi,  0.0 si,  0.0 st
%Cpu(s):  4.5 us,  1.0 sy,  0.0 ni, 94.0 id,  0.0 wa,  0.0 hi,  0.5 si,  0.0 st
%Cpu(s):  2.5 us,  2.0 sy,  0.0 ni, 95.0 id,  0.0 wa,  0.0 hi,  0.5 si,  0.0 st
%Cpu(s):  4.5 us,  2.5 sy,  0.0 ni, 92.5 id,  0.0 wa,  0.0 hi,  0.5 si,  0.0 st
%Cpu(s):  2.5 us,  2.0 sy,  0.0 ni, 95.5 id,  0.0 wa,  0.0 hi,  0.0 si,  0.0 st
%Cpu(s):  4.0 us,  2.0 sy,  0.0 ni, 93.5 id,  0.0 wa,  0.0 hi,  0.5 si,  0.0 st
%Cpu(s):  2.5 us,  1.5 sy,  0.0 ni, 95.5 id,  0.0 wa,  0.0 hi,  0.5 si,  0.0 st
%Cpu(s):  4.5 us,  3.0 sy,  0.0 ni, 92.0 id,  0.0 wa,  0.0 hi,  0.5 si,  0.0 st
%Cpu(s):  4.5 us,  1.0 sy,  0.0 ni, 94.0 id,  0.0 wa,  0.0 hi,  0.5 si,  0.0 st
%Cpu(s):  3.0 us,  1.5 sy,  0.0 ni, 95.0 id,  0.0 wa,  0.0 hi,  0.5 si,  0.0 st
%Cpu(s): 12.2 us, 11.2 sy,  0.0 ni, 76.1 id,  0.0 wa,  0.0 hi,  0.5 si,  0.0 st
