%Cpu(s): 52.4 us, 15.9 sy,  0.0 ni,  3.2 id,  0.0 wa,  0.0 hi, 28.6 si,  0.0 st
%Cpu(s): 49.0 us, 16.3 sy,  0.0 ni,  4.0 id,  0.0 wa,  0.0 hi, 30.7 si,  0.0 st
%Cpu(s): 45.8 us, 16.4 sy,  0.0 ni,  4.0 id,  0.0 wa,  0.0 hi, 33.8 si,  0.0 st
%Cpu(s): 47.5 us, 17.3 sy,  0.0 ni,  6.9 id,  0.0 wa,  0.0 hi, 28.2 si,  0.0 st
%Cpu(s): 50.7 us, 15.4 sy,  0.0 ni,  3.0 id,  0.0 wa,  0.0 hi, 30.8 si,  0.0 st
%Cpu(s): 49.3 us, 15.3 sy,  0.0 ni,  3.4 id,  0.0 wa,  0.0 hi, 32.0 si,  0.0 st
%Cpu(s): 49.0 us, 15.8 sy,  0.0 ni,  3.0 id,  0.0 wa,  0.0 hi, 32.2 si,  0.0 st
%Cpu(s): 49.0 us, 16.5 sy,  0.0 ni,  3.0 id,  0.0 wa,  0.0 hi, 31.5 si,  0.0 st
%Cpu(s): 47.8 us, 17.1 sy,  0.0 ni,  3.4 id,  0.0 wa,  0.0 hi, 31.7 si,  0.0 st
%Cpu(s): 51.7 us, 15.4 sy,  0.0 ni,  3.0 id,  0.0 wa,  0.0 hi, 29.9 si,  0.0 st
%Cpu(s): 47.5 us, 16.5 sy,  0.0 ni,  2.5 id,  0.0 wa,  0.0 hi, 33.5 si,  0.0 st
%Cpu(s): 51.5 us, 14.4 sy,  0.0 ni,  4.0 id,  0.0 wa,  0.0 hi, 30.2 si,  0.0 st
%Cpu(s): 48.3 us, 17.4 sy,  0.0 ni,  3.0 id,  0.0 wa,  0.0 hi, 31.3 si,  0.0 st
%Cpu(s): 48.8 us, 16.7 sy,  0.0 ni,  3.0 id,  0.0 wa,  0.0 hi, 31.5 si,  0.0 st
%Cpu(s): 47.8 us, 17.7 sy,  0.0 ni,  1.5 id,  0.0 wa,  0.0 hi, 33.0 si,  0.0 st
%Cpu(s): 49.5 us, 17.0 sy,  0.0 ni,  2.5 id,  0.0 wa,  0.0 hi, 31.0 si,  0.0 st
%Cpu(s): 49.8 us, 14.8 sy,  0.0 ni,  2.0 id,  0.0 wa,  0.0 hi, 33.5 si,  0.0 st
%Cpu(s): 48.5 us, 14.9 sy,  0.0 ni,  2.0 id,  0.0 wa,  0.0 hi, 34.7 si,  0.0 st
%Cpu(s): 48.5 us, 16.8 sy,  0.0 ni,  2.5 id,  0.0 wa,  0.0 hi, 32.2 si,  0.0 st
%Cpu(s): 46.8 us, 14.8 sy,  0.0 ni,  3.0 id,  0.0 wa,  0.0 hi, 35.5 si,  0.0 st
%Cpu(s): 48.8 us, 15.8 sy,  0.0 ni,  2.5 id,  0.0 wa,  0.0 hi, 33.0 si,  0.0 st
%Cpu(s): 49.0 us, 16.5 sy,  0.0 ni,  2.5 id,  0.0 wa,  0.0 hi, 32.0 si,  0.0 st
%Cpu(s): 49.8 us, 16.3 sy,  0.0 ni,  2.5 id,  0.0 wa,  0.0 hi, 31.5 si,  0.0 st
%Cpu(s): 49.0 us, 18.6 sy,  0.0 ni,  3.4 id,  0.0 wa,  0.0 hi, 28.9 si,  0.0 st
%Cpu(s): 50.2 us, 14.9 sy,  0.0 ni,  3.0 id,  0.0 wa,  0.0 hi, 31.8 si,  0.0 st
%Cpu(s): 49.8 us, 15.8 sy,  0.0 ni,  2.5 id,  0.0 wa,  0.0 hi, 32.0 si,  0.0 st
%Cpu(s): 48.3 us, 15.4 sy,  0.0 ni,  3.0 id,  0.0 wa,  0.0 hi, 33.3 si,  0.0 st
%Cpu(s): 47.8 us, 16.9 sy,  0.0 ni,  2.5 id,  0.0 wa,  0.0 hi, 32.8 si,  0.0 st
%Cpu(s): 47.8 us, 16.7 sy,  0.0 ni,  3.0 id,  0.0 wa,  0.0 hi, 32.5 si,  0.0 st
%Cpu(s): 50.2 us, 15.4 sy,  0.0 ni,  3.5 id,  0.0 wa,  0.0 hi, 30.8 si,  0.0 st
%Cpu(s): 48.5 us, 16.3 sy,  0.0 ni,  2.5 id,  0.0 wa,  0.0 hi, 32.7 si,  0.0 st
%Cpu(s): 48.0 us, 18.3 sy,  0.0 ni,  3.5 id,  0.0 wa,  0.0 hi, 30.2 si,  0.0 st
%Cpu(s): 49.3 us, 16.7 sy,  0.0 ni,  3.0 id,  0.0 wa,  0.0 hi, 31.0 si,  0.0 st
%Cpu(s): 48.8 us, 16.9 sy,  0.0 ni,  2.5 id,  0.0 wa,  0.0 hi, 31.8 si,  0.0 st
%Cpu(s): 47.3 us, 15.8 sy,  0.0 ni,  3.0 id,  0.0 wa,  0.0 hi, 34.0 si,  0.0 st
%Cpu(s): 51.2 us, 16.4 sy,  0.0 ni,  5.0 id,  0.0 wa,  0.0 hi, 27.4 si,  0.0 st
%Cpu(s): 49.0 us, 15.5 sy,  0.0 ni,  3.0 id,  0.0 wa,  0.0 hi, 32.5 si,  0.0 st
%Cpu(s): 50.0 us, 15.3 sy,  0.0 ni,  3.5 id,  0.0 wa,  0.0 hi, 31.2 si,  0.0 st
%Cpu(s): 49.3 us, 14.9 sy,  0.0 ni,  3.0 id,  0.0 wa,  0.0 hi, 32.8 si,  0.0 st
%Cpu(s): 51.2 us, 14.8 sy,  0.0 ni,  3.4 id,  0.0 wa,  0.0 hi, 30.5 si,  0.0 st
%Cpu(s): 50.5 us, 16.8 sy,  0.0 ni,  2.5 id,  0.0 wa,  0.0 hi, 30.2 si,  0.0 st
%Cpu(s): 50.5 us, 15.0 sy,  0.0 ni,  2.5 id,  0.0 wa,  0.0 hi, 32.0 si,  0.0 st
%Cpu(s): 48.5 us, 14.4 sy,  0.0 ni,  3.5 id,  0.0 wa,  0.0 hi, 33.7 si,  0.0 st
%Cpu(s): 49.7 us, 16.6 sy,  0.0 ni,  6.0 id,  0.0 wa,  0.0 hi, 27.6 si,  0.0 st
%Cpu(s): 49.0 us, 18.3 sy,  0.0 ni,  2.5 id,  0.0 wa,  0.0 hi, 30.2 si,  0.0 st
%Cpu(s): 48.3 us, 15.8 sy,  0.0 ni,  3.0 id,  0.0 wa,  0.0 hi, 33.0 si,  0.0 st
%Cpu(s): 49.8 us, 15.9 sy,  0.0 ni,  3.0 id,  0.0 wa,  0.0 hi, 31.3 si,  0.0 st
%Cpu(s): 49.3 us, 15.9 sy,  0.0 ni,  3.5 id,  0.0 wa,  0.0 hi, 31.3 si,  0.0 st
%Cpu(s): 48.3 us, 16.7 sy,  0.0 ni,  2.0 id,  0.0 wa,  0.0 hi, 33.0 si,  0.0 st
%Cpu(s): 48.3 us, 16.4 sy,  0.0 ni,  2.5 id,  0.0 wa,  0.0 hi, 32.8 si,  0.0 st
%Cpu(s): 10.4 us,  4.0 sy,  0.0 ni, 80.7 id,  0.0 wa,  0.0 hi,  5.0 si,  0.0 st
%Cpu(s):  3.5 us,  4.5 sy,  0.0 ni, 91.4 id,  0.0 wa,  0.0 hi,  0.5 si,  0.0 st
%Cpu(s):  1.0 us,  1.0 sy,  0.0 ni, 98.0 id,  0.0 wa,  0.0 hi,  0.0 si,  0.0 st
%Cpu(s):  0.5 us,  0.0 sy,  0.0 ni, 99.5 id,  0.0 wa,  0.0 hi,  0.0 si,  0.0 st
%Cpu(s):  0.0 us,  0.5 sy,  0.0 ni, 99.5 id,  0.0 wa,  0.0 hi,  0.0 si,  0.0 st
%Cpu(s):  2.0 us,  1.0 sy,  0.0 ni, 97.0 id,  0.0 wa,  0.0 hi,  0.0 si,  0.0 st
%Cpu(s):  0.5 us,  0.0 sy,  0.0 ni, 99.5 id,  0.0 wa,  0.0 hi,  0.0 si,  0.0 st
%Cpu(s):  2.0 us,  1.0 sy,  0.0 ni, 97.0 id,  0.0 wa,  0.0 hi,  0.0 si,  0.0 st
%Cpu(s):  1.5 us,  0.5 sy,  0.0 ni, 98.0 id,  0.0 wa,  0.0 hi,  0.0 si,  0.0 st
%Cpu(s):  1.0 us,  1.5 sy,  0.0 ni, 97.5 id,  0.0 wa,  0.0 hi,  0.0 si,  0.0 st
%Cpu(s):  0.5 us,  0.0 sy,  0.0 ni, 99.5 id,  0.0 wa,  0.0 hi,  0.0 si,  0.0 st
%Cpu(s):  0.5 us,  0.5 sy,  0.0 ni, 99.0 id,  0.0 wa,  0.0 hi,  0.0 si,  0.0 st
%Cpu(s):  1.0 us,  0.5 sy,  0.0 ni, 98.5 id,  0.0 wa,  0.0 hi,  0.0 si,  0.0 st
%Cpu(s):  3.5 us,  4.0 sy,  0.0 ni, 92.0 id,  0.0 wa,  0.0 hi,  0.5 si,  0.0 st
