%Cpu(s): 42.9 us, 27.3 sy,  0.0 ni,  1.3 id,  0.0 wa,  0.0 hi, 28.6 si,  0.0 st
%Cpu(s): 43.9 us, 26.3 sy,  0.0 ni,  2.9 id,  0.0 wa,  0.0 hi, 26.8 si,  0.0 st
%Cpu(s): 43.9 us, 25.9 sy,  0.0 ni,  2.9 id,  0.0 wa,  0.0 hi, 27.3 si,  0.0 st
%Cpu(s): 44.9 us, 25.9 sy,  0.0 ni,  2.9 id,  0.0 wa,  0.0 hi, 26.3 si,  0.0 st
%Cpu(s): 44.4 us, 24.9 sy,  0.0 ni,  1.5 id,  0.0 wa,  0.0 hi, 29.3 si,  0.0 st
%Cpu(s): 45.6 us, 27.9 sy,  0.0 ni,  1.0 id,  0.0 wa,  0.0 hi, 25.5 si,  0.0 st
%Cpu(s): 44.8 us, 25.6 sy,  0.0 ni,  1.0 id,  0.0 wa,  0.0 hi, 28.6 si,  0.0 st
%Cpu(s): 42.0 us, 28.8 sy,  0.0 ni,  2.0 id,  0.0 wa,  0.0 hi, 27.3 si,  0.0 st
%Cpu(s): 40.5 us, 31.7 sy,  0.0 ni,  0.5 id,  0.0 wa,  0.0 hi, 27.3 si,  0.0 st
%Cpu(s): 45.3 us, 28.1 sy,  0.0 ni,  0.0 id,  0.0 wa,  0.0 hi, 26.6 si,  0.0 st
%Cpu(s): 44.4 us, 27.3 sy,  0.0 ni,  0.0 id,  0.0 wa,  0.0 hi, 28.3 si,  0.0 st
%Cpu(s): 43.0 us, 29.5 sy,  0.0 ni,  0.0 id,  0.0 wa,  0.0 hi, 27.5 si,  0.0 st
%Cpu(s): 47.1 us, 26.4 sy,  0.0 ni,  0.5 id,  0.0 wa,  0.0 hi, 26.0 si,  0.0 st
%Cpu(s): 44.4 us, 31.4 sy,  0.0 ni,  0.0 id,  0.0 wa,  0.0 hi, 24.2 si,  0.0 st
%Cpu(s): 43.9 us, 27.8 sy,  0.0 ni,  1.0 id,  0.0 wa,  0.0 hi, 27.3 si,  0.0 st
%Cpu(s): 45.9 us, 26.3 sy,  0.0 ni,  0.5 id,  0.0 wa,  0.0 hi, 27.3 si,  0.0 st
%Cpu(s): 43.7 us, 28.2 sy,  0.0 ni,  0.5 id,  0.0 wa,  0.0 hi, 27.7 si,  0.0 st
%Cpu(s): 42.7 us, 30.1 sy,  0.0 ni,  0.0 id,  0.0 wa,  0.0 hi, 27.2 si,  0.0 st
%Cpu(s): 42.4 us, 27.8 sy,  0.0 ni,  0.0 id,  0.0 wa,  0.0 hi, 29.8 si,  0.0 st
%Cpu(s): 43.8 us, 27.9 sy,  0.0 ni,  0.5 id,  0.0 wa,  0.0 hi, 27.9 si,  0.0 st
%Cpu(s): 44.1 us, 27.9 sy,  0.0 ni,  0.5 id,  0.0 wa,  0.0 hi, 27.5 si,  0.0 st
%Cpu(s): 43.0 us, 28.0 sy,  0.0 ni,  0.0 id,  0.0 wa,  0.0 hi, 29.0 si,  0.0 st
%Cpu(s): 44.1 us, 25.5 sy,  0.0 ni,  0.0 id,  0.0 wa,  0.0 hi, 30.4 si,  0.0 st
%Cpu(s): 43.6 us, 28.4 sy,  0.0 ni,  0.0 id,  0.0 wa,  0.0 hi, 27.9 si,  0.0 st
%Cpu(s): 45.4 us, 26.8 sy,  0.0 ni,  0.0 id,  0.0 wa,  0.0 hi, 27.8 si,  0.0 st
%Cpu(s): 43.2 us, 27.2 sy,  0.0 ni,  1.0 id,  0.0 wa,  0.0 hi, 28.6 si,  0.0 st
%Cpu(s): 43.5 us, 28.0 sy,  0.0 ni,  0.5 id,  0.0 wa,  0.0 hi, 28.0 si,  0.0 st
%Cpu(s): 43.9 us, 27.3 sy,  0.0 ni,  0.5 id,  0.0 wa,  0.0 hi, 28.3 si,  0.0 st
%Cpu(s): 44.6 us, 27.2 sy,  0.0 ni,  3.0 id,  0.0 wa,  0.0 hi, 25.2 si,  0.0 st
%Cpu(s): 43.3 us, 27.4 sy,  0.0 ni,  1.5 id,  0.0 wa,  0.0 hi, 27.9 si,  0.0 st
%Cpu(s): 43.1 us, 26.8 sy,  0.0 ni,  0.5 id,  0.0 wa,  0.0 hi, 29.7 si,  0.0 st
%Cpu(s): 43.3 us, 27.1 sy,  0.0 ni,  3.0 id,  0.0 wa,  0.0 hi, 26.6 si,  0.0 st
%Cpu(s): 48.8 us, 26.3 sy,  0.0 ni,  0.0 id,  0.0 wa,  0.0 hi, 24.9 si,  0.0 st
%Cpu(s): 45.1 us, 29.1 sy,  0.0 ni,  2.4 id,  0.0 wa,  0.0 hi, 23.3 si,  0.0 st
%Cpu(s): 43.3 us, 26.9 sy,  0.0 ni,  3.5 id,  0.0 wa,  0.0 hi, 26.4 si,  0.0 st
%Cpu(s): 42.2 us, 27.7 sy,  0.0 ni,  1.5 id,  0.0 wa,  0.0 hi, 28.6 si,  0.0 st
%Cpu(s): 45.9 us, 28.3 sy,  0.0 ni,  0.0 id,  0.0 wa,  0.0 hi, 25.9 si,  0.0 st
%Cpu(s): 43.0 us, 27.1 sy,  0.0 ni,  0.0 id,  0.0 wa,  0.0 hi, 30.0 si,  0.0 st
%Cpu(s): 44.2 us, 29.1 sy,  0.0 ni,  0.0 id,  0.0 wa,  0.0 hi, 26.7 si,  0.0 st
%Cpu(s): 45.1 us, 27.9 sy,  0.0 ni,  1.5 id,  0.0 wa,  0.0 hi, 25.5 si,  0.0 st
%Cpu(s): 44.1 us, 27.5 sy,  0.0 ni,  2.0 id,  0.0 wa,  0.0 hi, 26.5 si,  0.0 st
%Cpu(s): 41.3 us, 30.6 sy,  0.0 ni,  0.5 id,  0.0 wa,  0.0 hi, 27.7 si,  0.0 st
%Cpu(s):  8.4 us,  5.4 sy,  0.0 ni, 81.7 id,  0.0 wa,  0.0 hi,  4.5 si,  0.0 st
%Cpu(s):  1.5 us,  1.0 sy,  0.0 ni, 97.1 id,  0.0 wa,  0.0 hi,  0.5 si,  0.0 st
%Cpu(s):  0.5 us,  0.5 sy,  0.0 ni, 99.0 id,  0.0 wa,  0.0 hi,  0.0 si,  0.0 st
%Cpu(s):  3.0 us,  3.0 sy,  0.0 ni, 94.1 id,  0.0 wa,  0.0 hi,  0.0 si,  0.0 st
%Cpu(s):  0.5 us,  0.5 sy,  0.0 ni, 99.0 id,  0.0 wa,  0.0 hi,  0.0 si,  0.0 st
%Cpu(s):  3.5 us,  2.0 sy,  0.0 ni, 94.5 id,  0.0 wa,  0.0 hi,  0.0 si,  0.0 st
%Cpu(s):  0.5 us,  0.5 sy,  0.0 ni, 98.0 id,  1.0 wa,  0.0 hi,  0.0 si,  0.0 st
%Cpu(s):  1.0 us,  0.5 sy,  0.0 ni, 98.0 id,  0.0 wa,  0.0 hi,  0.5 si,  0.0 st
%Cpu(s):  1.0 us,  0.5 sy,  0.0 ni, 98.5 id,  0.0 wa,  0.0 hi,  0.0 si,  0.0 st
%Cpu(s):  3.9 us,  2.0 sy,  0.0 ni, 93.6 id,  0.0 wa,  0.0 hi,  0.5 si,  0.0 st
%Cpu(s):  1.5 us,  1.0 sy,  0.0 ni, 97.5 id,  0.0 wa,  0.0 hi,  0.0 si,  0.0 st
%Cpu(s):  8.0 us,  6.0 sy,  0.0 ni, 85.5 id,  0.0 wa,  0.0 hi,  0.5 si,  0.0 st
%Cpu(s):  1.0 us,  1.0 sy,  0.0 ni, 98.0 id,  0.0 wa,  0.0 hi,  0.0 si,  0.0 st
%Cpu(s):  1.0 us,  1.0 sy,  0.0 ni, 98.0 id,  0.0 wa,  0.0 hi,  0.0 si,  0.0 st
%Cpu(s):  0.5 us,  1.0 sy,  0.0 ni, 98.5 id,  0.0 wa,  0.0 hi,  0.0 si,  0.0 st
%Cpu(s):  0.5 us,  0.5 sy,  0.0 ni, 99.0 id,  0.0 wa,  0.0 hi,  0.0 si,  0.0 st
%Cpu(s):  0.5 us,  0.5 sy,  0.0 ni, 99.0 id,  0.0 wa,  0.0 hi,  0.0 si,  0.0 st
%Cpu(s):  1.0 us,  0.5 sy,  0.0 ni, 98.5 id,  0.0 wa,  0.0 hi,  0.0 si,  0.0 st
%Cpu(s): 13.9 us,  6.5 sy,  0.0 ni, 79.1 id,  0.0 wa,  0.0 hi,  0.5 si,  0.0 st
%Cpu(s):  4.5 us,  0.5 sy,  0.0 ni, 95.0 id,  0.0 wa,  0.0 hi,  0.0 si,  0.0 st
%Cpu(s):  3.9 us,  1.0 sy,  0.0 ni, 94.6 id,  0.0 wa,  0.0 hi,  0.5 si,  0.0 st
%Cpu(s):  4.0 us,  0.5 sy,  0.0 ni, 95.5 id,  0.0 wa,  0.0 hi,  0.0 si,  0.0 st
%Cpu(s):  5.4 us,  1.5 sy,  0.0 ni, 93.2 id,  0.0 wa,  0.0 hi,  0.0 si,  0.0 st
