%Cpu(s): 50.0 us, 17.2 sy,  0.0 ni,  4.7 id,  0.0 wa,  0.0 hi, 28.1 si,  0.0 st
%Cpu(s): 49.5 us, 16.8 sy,  0.0 ni,  3.0 id,  0.0 wa,  0.0 hi, 30.7 si,  0.0 st
%Cpu(s): 47.0 us, 18.7 sy,  0.0 ni,  5.1 id,  0.0 wa,  0.0 hi, 29.3 si,  0.0 st
%Cpu(s): 49.3 us, 17.2 sy,  0.0 ni,  3.4 id,  0.0 wa,  0.0 hi, 30.0 si,  0.0 st
%Cpu(s): 48.8 us, 16.9 sy,  0.0 ni,  3.0 id,  0.0 wa,  0.0 hi, 31.3 si,  0.0 st
%Cpu(s): 49.8 us, 14.8 sy,  0.0 ni,  3.4 id,  0.0 wa,  0.0 hi, 32.0 si,  0.0 st
%Cpu(s): 49.3 us, 16.3 sy,  0.0 ni,  3.4 id,  0.0 wa,  0.0 hi, 31.0 si,  0.0 st
%Cpu(s): 47.5 us, 18.1 sy,  0.0 ni,  2.0 id,  0.0 wa,  0.0 hi, 32.4 si,  0.0 st
%Cpu(s): 51.0 us, 16.8 sy,  0.0 ni,  2.0 id,  0.0 wa,  0.0 hi, 30.2 si,  0.0 st
%Cpu(s): 49.8 us, 16.7 sy,  0.0 ni,  1.5 id,  0.0 wa,  0.0 hi, 32.0 si,  0.0 st
%Cpu(s): 48.3 us, 16.7 sy,  0.0 ni,  3.0 id,  0.0 wa,  0.0 hi, 32.0 si,  0.0 st
%Cpu(s): 47.8 us, 16.4 sy,  0.0 ni,  4.0 id,  0.0 wa,  0.0 hi, 31.8 si,  0.0 st
%Cpu(s): 49.0 us, 16.3 sy,  0.0 ni,  2.5 id,  0.0 wa,  0.0 hi, 32.2 si,  0.0 st
%Cpu(s): 46.3 us, 17.4 sy,  0.0 ni,  3.5 id,  0.0 wa,  0.0 hi, 32.8 si,  0.0 st
%Cpu(s): 46.8 us, 16.7 sy,  0.0 ni,  2.5 id,  0.0 wa,  0.0 hi, 34.0 si,  0.0 st
%Cpu(s): 48.3 us, 15.4 sy,  0.0 ni,  2.5 id,  0.0 wa,  0.0 hi, 33.8 si,  0.0 st
%Cpu(s): 50.0 us, 14.9 sy,  0.0 ni,  2.5 id,  0.0 wa,  0.0 hi, 32.7 si,  0.0 st
%Cpu(s): 48.5 us, 17.2 sy,  0.0 ni,  2.9 id,  0.0 wa,  0.0 hi, 31.4 si,  0.0 st
%Cpu(s): 48.3 us, 16.3 sy,  0.0 ni,  3.4 id,  0.0 wa,  0.0 hi, 32.0 si,  0.0 st
%Cpu(s): 48.3 us, 17.4 sy,  0.0 ni,  2.0 id,  0.0 wa,  0.0 hi, 32.3 si,  0.0 st
%Cpu(s): 49.3 us, 15.9 sy,  0.0 ni,  2.5 id,  0.0 wa,  0.0 hi, 32.3 si,  0.0 st
%Cpu(s): 49.5 us, 14.9 sy,  0.0 ni,  2.5 id,  0.0 wa,  0.0 hi, 33.2 si,  0.0 st
%Cpu(s): 50.5 us, 15.8 sy,  0.0 ni,  4.0 id,  0.0 wa,  0.0 hi, 29.7 si,  0.0 st
%Cpu(s): 48.3 us, 16.9 sy,  0.0 ni,  1.5 id,  0.0 wa,  0.0 hi, 33.3 si,  0.0 st
%Cpu(s): 47.5 us, 17.3 sy,  0.0 ni,  2.5 id,  0.0 wa,  0.0 hi, 32.7 si,  0.0 st
%Cpu(s): 47.3 us, 15.3 sy,  0.0 ni,  3.0 id,  0.0 wa,  0.0 hi, 34.5 si,  0.0 st
%Cpu(s): 50.0 us, 17.5 sy,  0.0 ni,  3.0 id,  0.0 wa,  0.0 hi, 29.5 si,  0.0 st
%Cpu(s): 48.8 us, 15.8 sy,  0.0 ni,  3.9 id,  0.0 wa,  0.0 hi, 31.5 si,  0.0 st
%Cpu(s): 48.8 us, 16.7 sy,  0.0 ni,  2.5 id,  0.0 wa,  0.0 hi, 32.0 si,  0.0 st
%Cpu(s): 49.8 us, 15.3 sy,  0.0 ni,  3.4 id,  0.0 wa,  0.0 hi, 31.5 si,  0.0 st
%Cpu(s): 52.5 us, 15.3 sy,  0.0 ni,  4.5 id,  0.0 wa,  0.0 hi, 27.7 si,  0.0 st
%Cpu(s): 46.8 us, 17.9 sy,  0.0 ni,  3.5 id,  0.0 wa,  0.0 hi, 31.8 si,  0.0 st
%Cpu(s): 49.8 us, 15.8 sy,  0.0 ni,  3.0 id,  0.0 wa,  0.0 hi, 31.5 si,  0.0 st
%Cpu(s): 50.7 us, 14.9 sy,  0.0 ni,  3.5 id,  0.0 wa,  0.0 hi, 30.8 si,  0.0 st
%Cpu(s): 50.2 us, 14.8 sy,  0.0 ni,  4.9 id,  0.0 wa,  0.0 hi, 30.0 si,  0.0 st
%Cpu(s): 49.0 us, 17.0 sy,  0.0 ni,  2.0 id,  0.0 wa,  0.0 hi, 32.0 si,  0.0 st
%Cpu(s): 50.2 us, 15.9 sy,  0.0 ni,  3.5 id,  0.0 wa,  0.0 hi, 30.3 si,  0.0 st
%Cpu(s): 51.5 us, 17.3 sy,  0.0 ni,  2.0 id,  0.0 wa,  0.0 hi, 29.2 si,  0.0 st
%Cpu(s): 49.3 us, 15.8 sy,  0.0 ni,  3.0 id,  0.0 wa,  0.0 hi, 32.0 si,  0.0 st
%Cpu(s): 47.8 us, 16.3 sy,  0.0 ni,  2.5 id,  0.0 wa,  0.0 hi, 33.5 si,  0.0 st
%Cpu(s): 48.3 us, 16.9 sy,  0.0 ni,  3.5 id,  0.0 wa,  0.0 hi, 31.3 si,  0.0 st
%Cpu(s): 50.5 us, 15.8 sy,  0.0 ni,  2.0 id,  0.0 wa,  0.0 hi, 31.7 si,  0.0 st
%Cpu(s): 47.5 us, 18.5 sy,  0.0 ni,  4.5 id,  0.0 wa,  0.0 hi, 29.5 si,  0.0 st
%Cpu(s): 48.3 us, 15.9 sy,  0.0 ni,  2.5 id,  0.0 wa,  0.0 hi, 33.3 si,  0.0 st
%Cpu(s): 47.8 us, 16.7 sy,  0.0 ni,  2.0 id,  0.0 wa,  0.0 hi, 33.5 si,  0.0 st
%Cpu(s): 47.8 us, 16.9 sy,  0.0 ni,  2.5 id,  0.0 wa,  0.0 hi, 32.8 si,  0.0 st
%Cpu(s): 48.3 us, 15.4 sy,  0.0 ni,  4.0 id,  0.0 wa,  0.0 hi, 32.3 si,  0.0 st
%Cpu(s): 49.0 us, 16.3 sy,  0.0 ni,  2.0 id,  0.0 wa,  0.0 hi, 32.7 si,  0.0 st
%Cpu(s): 47.3 us, 15.8 sy,  0.0 ni,  3.4 id,  0.0 wa,  0.0 hi, 33.5 si,  0.0 st
%Cpu(s): 46.3 us, 16.4 sy,  0.0 ni,  4.5 id,  0.0 wa,  0.0 hi, 32.8 si,  0.0 st
%Cpu(s):  1.0 us,  1.0 sy,  0.0 ni, 98.0 id,  0.0 wa,  0.0 hi,  0.0 si,  0.0 st
%Cpu(s):  1.0 us,  1.5 sy,  0.0 ni, 95.5 id,  2.0 wa,  0.0 hi,  0.0 si,  0.0 st
%Cpu(s):  1.0 us,  0.5 sy,  0.0 ni, 98.5 id,  0.0 wa,  0.0 hi,  0.0 si,  0.0 st
%Cpu(s):  0.5 us,  0.5 sy,  0.0 ni, 99.0 id,  0.0 wa,  0.0 hi,  0.0 si,  0.0 st
%Cpu(s):  2.0 us,  0.5 sy,  0.0 ni, 97.5 id,  0.0 wa,  0.0 hi,  0.0 si,  0.0 st
%Cpu(s):  0.0 us,  0.5 sy,  0.0 ni, 99.5 id,  0.0 wa,  0.0 hi,  0.0 si,  0.0 st
%Cpu(s):  2.0 us,  0.5 sy,  0.0 ni, 97.5 id,  0.0 wa,  0.0 hi,  0.0 si,  0.0 st
%Cpu(s):  3.0 us,  3.0 sy,  0.0 ni, 94.0 id,  0.0 wa,  0.0 hi,  0.0 si,  0.0 st
%Cpu(s):  0.5 us,  0.5 sy,  0.0 ni, 98.5 id,  0.0 wa,  0.0 hi,  0.5 si,  0.0 st
%Cpu(s):  4.0 us,  0.5 sy,  0.0 ni, 95.5 id,  0.0 wa,  0.0 hi,  0.0 si,  0.0 st
%Cpu(s):  4.0 us,  2.0 sy,  0.0 ni, 94.0 id,  0.0 wa,  0.0 hi,  0.0 si,  0.0 st
%Cpu(s):  8.0 us,  4.0 sy,  0.0 ni, 87.5 id,  0.0 wa,  0.0 hi,  0.5 si,  0.0 st
%Cpu(s):  3.5 us,  1.0 sy,  0.0 ni, 95.5 id,  0.0 wa,  0.0 hi,  0.0 si,  0.0 st
