%Cpu(s): 41.6 us, 33.8 sy,  0.0 ni,  1.3 id,  0.0 wa,  0.0 hi, 23.4 si,  0.0 st
%Cpu(s): 43.6 us, 28.7 sy,  0.0 ni,  2.5 id,  0.0 wa,  0.0 hi, 25.2 si,  0.0 st
%Cpu(s): 46.8 us, 32.7 sy,  0.0 ni,  0.5 id,  0.0 wa,  0.0 hi, 20.0 si,  0.0 st
%Cpu(s): 44.2 us, 32.7 sy,  0.0 ni,  0.0 id,  0.0 wa,  0.0 hi, 23.1 si,  0.0 st
%Cpu(s): 44.7 us, 32.7 sy,  0.0 ni,  0.0 id,  0.0 wa,  0.0 hi, 22.6 si,  0.0 st
%Cpu(s): 45.1 us, 33.0 sy,  0.0 ni,  0.5 id,  0.0 wa,  0.0 hi, 21.4 si,  0.0 st
%Cpu(s): 46.8 us, 29.3 sy,  0.0 ni,  1.0 id,  0.0 wa,  0.0 hi, 22.9 si,  0.0 st
%Cpu(s): 44.9 us, 29.3 sy,  0.0 ni,  0.5 id,  0.0 wa,  0.0 hi, 25.4 si,  0.0 st
%Cpu(s): 44.2 us, 28.8 sy,  0.0 ni,  1.0 id,  0.0 wa,  0.0 hi, 26.0 si,  0.0 st
%Cpu(s): 44.2 us, 31.1 sy,  0.0 ni,  1.5 id,  0.0 wa,  0.0 hi, 23.3 si,  0.0 st
%Cpu(s): 46.9 us, 27.1 sy,  0.0 ni,  1.0 id,  0.0 wa,  0.0 hi, 25.1 si,  0.0 st
%Cpu(s): 44.4 us, 28.3 sy,  0.0 ni,  2.4 id,  0.0 wa,  0.0 hi, 24.9 si,  0.0 st
%Cpu(s): 43.8 us, 29.1 sy,  0.0 ni,  2.5 id,  0.0 wa,  0.0 hi, 24.6 si,  0.0 st
%Cpu(s): 42.9 us, 29.3 sy,  0.0 ni,  2.4 id,  0.0 wa,  0.0 hi, 25.4 si,  0.0 st
%Cpu(s): 45.4 us, 30.0 sy,  0.0 ni,  0.5 id,  0.0 wa,  0.0 hi, 24.2 si,  0.0 st
%Cpu(s): 45.3 us, 28.1 sy,  0.0 ni,  0.5 id,  0.0 wa,  0.0 hi, 26.1 si,  0.0 st
%Cpu(s): 45.1 us, 27.7 sy,  0.0 ni,  1.9 id,  0.0 wa,  0.0 hi, 25.2 si,  0.0 st
%Cpu(s): 45.4 us, 28.8 sy,  0.0 ni,  0.5 id,  0.0 wa,  0.0 hi, 25.4 si,  0.0 st
%Cpu(s): 46.6 us, 29.1 sy,  0.0 ni,  1.0 id,  0.0 wa,  0.0 hi, 23.3 si,  0.0 st
%Cpu(s): 42.6 us, 30.4 sy,  0.0 ni,  2.5 id,  0.0 wa,  0.0 hi, 24.5 si,  0.0 st
%Cpu(s): 42.9 us, 29.6 sy,  0.0 ni,  3.0 id,  0.0 wa,  0.0 hi, 24.6 si,  0.0 st
%Cpu(s): 43.8 us, 31.2 sy,  0.0 ni,  0.0 id,  0.0 wa,  0.0 hi, 25.0 si,  0.0 st
%Cpu(s): 44.1 us, 29.1 sy,  0.0 ni,  0.5 id,  0.0 wa,  0.0 hi, 26.3 si,  0.0 st
%Cpu(s): 44.9 us, 30.7 sy,  0.0 ni,  0.0 id,  0.0 wa,  0.0 hi, 24.4 si,  0.0 st
%Cpu(s): 44.8 us, 29.0 sy,  0.0 ni,  0.0 id,  0.0 wa,  0.0 hi, 26.2 si,  0.0 st
%Cpu(s): 47.2 us, 30.8 sy,  0.0 ni,  0.5 id,  0.0 wa,  0.0 hi, 21.5 si,  0.0 st
%Cpu(s): 45.5 us, 30.8 sy,  0.0 ni,  0.0 id,  0.0 wa,  0.0 hi, 23.7 si,  0.0 st
%Cpu(s): 44.5 us, 30.6 sy,  0.0 ni,  0.5 id,  0.0 wa,  0.0 hi, 24.4 si,  0.0 st
%Cpu(s): 43.9 us, 30.2 sy,  0.0 ni,  0.0 id,  0.0 wa,  0.0 hi, 25.9 si,  0.0 st
%Cpu(s): 43.5 us, 30.9 sy,  0.0 ni,  1.0 id,  0.0 wa,  0.0 hi, 24.6 si,  0.0 st
%Cpu(s): 43.2 us, 30.6 sy,  0.0 ni,  0.0 id,  0.0 wa,  0.0 hi, 26.2 si,  0.0 st
%Cpu(s): 42.7 us, 30.1 sy,  0.0 ni,  0.5 id,  0.0 wa,  0.0 hi, 26.7 si,  0.0 st
%Cpu(s): 47.6 us, 29.1 sy,  0.0 ni,  0.0 id,  0.0 wa,  0.0 hi, 23.3 si,  0.0 st
%Cpu(s): 43.2 us, 29.1 sy,  0.0 ni,  1.0 id,  0.0 wa,  0.0 hi, 26.7 si,  0.0 st
%Cpu(s): 41.3 us, 30.6 sy,  0.0 ni,  0.5 id,  0.0 wa,  0.0 hi, 27.7 si,  0.0 st
%Cpu(s): 44.0 us, 30.0 sy,  0.0 ni,  0.5 id,  0.0 wa,  0.0 hi, 25.6 si,  0.0 st
%Cpu(s): 44.7 us, 28.6 sy,  0.0 ni,  0.0 id,  0.0 wa,  0.0 hi, 26.7 si,  0.0 st
%Cpu(s): 43.7 us, 31.1 sy,  0.0 ni,  1.0 id,  0.0 wa,  0.0 hi, 24.3 si,  0.0 st
%Cpu(s): 44.0 us, 32.1 sy,  0.0 ni,  0.0 id,  0.0 wa,  0.0 hi, 23.9 si,  0.0 st
%Cpu(s): 46.4 us, 28.5 sy,  0.0 ni,  0.5 id,  0.0 wa,  0.0 hi, 24.6 si,  0.0 st
%Cpu(s): 43.2 us, 30.5 sy,  0.0 ni,  0.9 id,  0.0 wa,  0.0 hi, 25.4 si,  0.0 st
%Cpu(s): 45.8 us, 31.5 sy,  0.0 ni,  2.5 id,  0.0 wa,  0.0 hi, 20.2 si,  0.0 st
%Cpu(s): 43.6 us, 28.4 sy,  0.0 ni,  1.5 id,  0.0 wa,  0.0 hi, 26.5 si,  0.0 st
%Cpu(s): 45.9 us, 29.8 sy,  0.0 ni,  0.0 id,  0.0 wa,  0.0 hi, 24.4 si,  0.0 st
%Cpu(s): 46.2 us, 28.3 sy,  0.0 ni,  0.5 id,  0.0 wa,  0.0 hi, 25.0 si,  0.0 st
%Cpu(s): 45.6 us, 32.0 sy,  0.0 ni,  1.9 id,  0.0 wa,  0.0 hi, 20.4 si,  0.0 st
%Cpu(s): 41.5 us, 29.3 sy,  0.0 ni,  2.9 id,  0.0 wa,  0.0 hi, 26.3 si,  0.0 st
%Cpu(s): 44.7 us, 28.8 sy,  0.0 ni,  2.9 id,  0.0 wa,  0.0 hi, 23.6 si,  0.0 st
%Cpu(s): 44.8 us, 28.6 sy,  0.0 ni,  1.5 id,  0.0 wa,  0.0 hi, 25.1 si,  0.0 st
%Cpu(s): 21.2 us, 11.3 sy,  0.0 ni, 58.1 id,  0.0 wa,  0.0 hi,  9.4 si,  0.0 st
%Cpu(s):  3.0 us,  0.5 sy,  0.0 ni, 96.0 id,  0.0 wa,  0.0 hi,  0.5 si,  0.0 st
%Cpu(s):  3.4 us,  1.0 sy,  0.0 ni, 95.6 id,  0.0 wa,  0.0 hi,  0.0 si,  0.0 st
%Cpu(s):  2.5 us,  1.5 sy,  0.0 ni, 96.1 id,  0.0 wa,  0.0 hi,  0.0 si,  0.0 st
%Cpu(s):  1.5 us,  1.0 sy,  0.0 ni, 97.5 id,  0.0 wa,  0.0 hi,  0.0 si,  0.0 st
%Cpu(s):  0.5 us,  1.0 sy,  0.0 ni, 98.5 id,  0.0 wa,  0.0 hi,  0.0 si,  0.0 st
%Cpu(s):  0.5 us,  0.5 sy,  0.0 ni, 99.0 id,  0.0 wa,  0.0 hi,  0.0 si,  0.0 st
%Cpu(s):  1.5 us,  1.0 sy,  0.0 ni, 97.5 id,  0.0 wa,  0.0 hi,  0.0 si,  0.0 st
%Cpu(s):  3.0 us,  1.0 sy,  0.0 ni, 95.0 id,  0.5 wa,  0.0 hi,  0.5 si,  0.0 st
%Cpu(s):  3.0 us,  1.5 sy,  0.0 ni, 95.5 id,  0.0 wa,  0.0 hi,  0.0 si,  0.0 st
%Cpu(s):  1.5 us,  1.0 sy,  0.0 ni, 97.5 id,  0.0 wa,  0.0 hi,  0.0 si,  0.0 st
%Cpu(s):  9.5 us,  9.0 sy,  0.0 ni, 81.5 id,  0.0 wa,  0.0 hi,  0.0 si,  0.0 st
%Cpu(s):  1.0 us,  1.0 sy,  0.0 ni, 98.0 id,  0.0 wa,  0.0 hi,  0.0 si,  0.0 st
