%Cpu(s): 40.0 us, 13.8 sy,  0.0 ni, 33.8 id,  0.0 wa,  0.0 hi, 12.3 si,  0.0 st
%Cpu(s): 41.0 us,  8.8 sy,  0.0 ni, 38.0 id,  0.0 wa,  0.0 hi, 12.2 si,  0.0 st
%Cpu(s): 45.0 us, 11.5 sy,  0.0 ni, 33.5 id,  0.0 wa,  0.0 hi, 10.0 si,  0.0 st
%Cpu(s): 39.3 us, 10.0 sy,  0.0 ni, 38.8 id,  0.0 wa,  0.0 hi, 11.9 si,  0.0 st
%Cpu(s): 41.2 us, 10.8 sy,  0.0 ni, 38.2 id,  0.0 wa,  0.0 hi,  9.8 si,  0.0 st
%Cpu(s): 42.4 us,  9.9 sy,  0.0 ni, 36.5 id,  0.0 wa,  0.0 hi, 11.3 si,  0.0 st
%Cpu(s): 46.7 us, 10.1 sy,  0.0 ni, 33.7 id,  0.0 wa,  0.0 hi,  9.5 si,  0.0 st
%Cpu(s): 42.1 us, 11.4 sy,  0.0 ni, 37.1 id,  0.0 wa,  0.0 hi,  9.4 si,  0.0 st
%Cpu(s): 43.5 us, 10.5 sy,  0.0 ni, 36.0 id,  0.0 wa,  0.0 hi, 10.0 si,  0.0 st
%Cpu(s): 42.0 us,  9.0 sy,  0.0 ni, 38.0 id,  0.0 wa,  0.0 hi, 11.0 si,  0.0 st
%Cpu(s): 46.0 us, 10.5 sy,  0.0 ni, 33.0 id,  0.0 wa,  0.0 hi, 10.5 si,  0.0 st
%Cpu(s): 43.1 us,  9.8 sy,  0.0 ni, 36.8 id,  0.0 wa,  0.0 hi, 10.3 si,  0.0 st
%Cpu(s): 41.3 us,  9.5 sy,  0.0 ni, 39.3 id,  0.0 wa,  0.0 hi, 10.0 si,  0.0 st
%Cpu(s): 44.6 us,  8.9 sy,  0.0 ni, 35.6 id,  0.5 wa,  0.0 hi, 10.4 si,  0.0 st
%Cpu(s): 41.7 us, 10.3 sy,  0.0 ni, 37.7 id,  0.0 wa,  0.0 hi, 10.3 si,  0.0 st
%Cpu(s): 42.6 us,  9.9 sy,  0.0 ni, 37.1 id,  0.0 wa,  0.0 hi, 10.4 si,  0.0 st
%Cpu(s): 45.0 us,  8.5 sy,  0.0 ni, 37.0 id,  0.0 wa,  0.0 hi,  9.5 si,  0.0 st
%Cpu(s): 42.9 us, 10.8 sy,  0.0 ni, 36.9 id,  0.0 wa,  0.0 hi,  9.4 si,  0.0 st
%Cpu(s): 45.5 us, 11.0 sy,  0.0 ni, 33.0 id,  0.0 wa,  0.0 hi, 10.5 si,  0.0 st
%Cpu(s): 44.8 us,  9.4 sy,  0.0 ni, 35.5 id,  0.0 wa,  0.0 hi, 10.3 si,  0.0 st
%Cpu(s): 43.5 us,  9.0 sy,  0.0 ni, 37.5 id,  0.0 wa,  0.0 hi, 10.0 si,  0.0 st
%Cpu(s): 42.8 us,  9.0 sy,  0.0 ni, 38.3 id,  0.0 wa,  0.0 hi, 10.0 si,  0.0 st
%Cpu(s): 46.5 us, 10.4 sy,  0.0 ni, 32.7 id,  0.0 wa,  0.0 hi, 10.4 si,  0.0 st
%Cpu(s): 44.2 us,  8.0 sy,  0.0 ni, 37.7 id,  0.0 wa,  0.0 hi, 10.1 si,  0.0 st
%Cpu(s): 41.4 us,  9.9 sy,  0.0 ni, 37.9 id,  0.0 wa,  0.0 hi, 10.8 si,  0.0 st
%Cpu(s): 43.8 us,  9.5 sy,  0.0 ni, 36.3 id,  0.0 wa,  0.0 hi, 10.4 si,  0.0 st
%Cpu(s): 44.6 us,  9.8 sy,  0.0 ni, 35.8 id,  0.0 wa,  0.0 hi,  9.8 si,  0.0 st
%Cpu(s): 42.9 us, 10.8 sy,  0.0 ni, 36.0 id,  0.0 wa,  0.0 hi, 10.3 si,  0.0 st
%Cpu(s): 41.6 us,  9.9 sy,  0.0 ni, 38.1 id,  0.0 wa,  0.0 hi, 10.4 si,  0.0 st
%Cpu(s): 41.5 us,  9.3 sy,  0.0 ni, 40.0 id,  0.0 wa,  0.0 hi,  9.3 si,  0.0 st
%Cpu(s): 40.6 us, 10.9 sy,  0.0 ni, 38.1 id,  0.0 wa,  0.0 hi, 10.4 si,  0.0 st
%Cpu(s): 43.6 us,  9.4 sy,  0.0 ni, 37.6 id,  0.0 wa,  0.0 hi,  9.4 si,  0.0 st
%Cpu(s): 41.0 us, 10.7 sy,  0.0 ni, 38.0 id,  0.0 wa,  0.0 hi, 10.2 si,  0.0 st
%Cpu(s): 41.5 us,  9.2 sy,  0.0 ni, 37.2 id,  0.0 wa,  0.0 hi, 12.1 si,  0.0 st
%Cpu(s): 42.6 us,  9.9 sy,  0.0 ni, 37.6 id,  0.0 wa,  0.0 hi,  9.9 si,  0.0 st
%Cpu(s): 43.0 us, 10.0 sy,  0.0 ni, 37.5 id,  0.0 wa,  0.0 hi,  9.5 si,  0.0 st
%Cpu(s): 42.6 us,  8.6 sy,  0.0 ni, 38.6 id,  0.0 wa,  0.0 hi, 10.2 si,  0.0 st
%Cpu(s): 41.9 us,  9.9 sy,  0.0 ni, 37.4 id,  0.0 wa,  0.0 hi, 10.8 si,  0.0 st
%Cpu(s): 47.0 us, 14.0 sy,  0.0 ni, 30.0 id,  0.0 wa,  0.0 hi,  9.0 si,  0.0 st
%Cpu(s): 39.5 us, 10.0 sy,  0.0 ni, 39.5 id,  0.0 wa,  0.0 hi, 11.0 si,  0.0 st
%Cpu(s): 41.3 us,  9.0 sy,  0.0 ni, 38.8 id,  0.0 wa,  0.0 hi, 10.9 si,  0.0 st
%Cpu(s): 40.5 us, 10.5 sy,  0.0 ni, 38.5 id,  0.0 wa,  0.0 hi, 10.5 si,  0.0 st
%Cpu(s): 44.3 us, 11.4 sy,  0.0 ni, 35.3 id,  0.0 wa,  0.0 hi,  9.0 si,  0.0 st
%Cpu(s): 39.2 us, 10.8 sy,  0.0 ni, 39.2 id,  0.0 wa,  0.0 hi, 10.8 si,  0.0 st
%Cpu(s): 42.5 us,  8.5 sy,  0.0 ni, 38.5 id,  0.0 wa,  0.0 hi, 10.5 si,  0.0 st
%Cpu(s): 42.9 us,  9.4 sy,  0.0 ni, 37.4 id,  0.0 wa,  0.0 hi, 10.3 si,  0.0 st
%Cpu(s): 40.1 us, 10.4 sy,  0.0 ni, 38.6 id,  0.0 wa,  0.0 hi, 10.9 si,  0.0 st
%Cpu(s): 43.5 us, 11.0 sy,  0.0 ni, 35.0 id,  0.0 wa,  0.0 hi, 10.5 si,  0.0 st
%Cpu(s): 42.2 us,  9.2 sy,  0.0 ni, 36.9 id,  0.0 wa,  0.0 hi, 11.7 si,  0.0 st
%Cpu(s): 44.8 us,  9.4 sy,  0.0 ni, 36.0 id,  0.0 wa,  0.0 hi,  9.9 si,  0.0 st
%Cpu(s): 43.0 us,  9.0 sy,  0.0 ni, 38.0 id,  0.0 wa,  0.0 hi, 10.0 si,  0.0 st
%Cpu(s): 24.4 us,  5.0 sy,  0.0 ni, 66.2 id,  0.0 wa,  0.0 hi,  4.5 si,  0.0 st
%Cpu(s):  4.5 us,  0.5 sy,  0.0 ni, 95.0 id,  0.0 wa,  0.0 hi,  0.0 si,  0.0 st
%Cpu(s):  3.0 us,  0.5 sy,  0.0 ni, 96.5 id,  0.0 wa,  0.0 hi,  0.0 si,  0.0 st
%Cpu(s):  3.0 us,  1.0 sy,  0.0 ni, 96.0 id,  0.0 wa,  0.0 hi,  0.0 si,  0.0 st
%Cpu(s):  3.5 us,  0.5 sy,  0.0 ni, 96.0 id,  0.0 wa,  0.0 hi,  0.0 si,  0.0 st
%Cpu(s):  4.0 us,  1.0 sy,  0.0 ni, 95.0 id,  0.0 wa,  0.0 hi,  0.0 si,  0.0 st
%Cpu(s):  4.4 us,  0.5 sy,  0.0 ni, 95.1 id,  0.0 wa,  0.0 hi,  0.0 si,  0.0 st
%Cpu(s):  2.0 us,  1.5 sy,  0.0 ni, 96.0 id,  0.0 wa,  0.0 hi,  0.5 si,  0.0 st
%Cpu(s):  1.0 us,  0.5 sy,  0.0 ni, 98.5 id,  0.0 wa,  0.0 hi,  0.0 si,  0.0 st
%Cpu(s):  0.5 us,  0.5 sy,  0.0 ni, 99.0 id,  0.0 wa,  0.0 hi,  0.0 si,  0.0 st
%Cpu(s):  1.5 us,  1.0 sy,  0.0 ni, 97.5 id,  0.0 wa,  0.0 hi,  0.0 si,  0.0 st
%Cpu(s):  4.5 us,  3.5 sy,  0.0 ni, 92.0 id,  0.0 wa,  0.0 hi,  0.0 si,  0.0 st
%Cpu(s):  0.5 us,  0.5 sy,  0.0 ni, 99.0 id,  0.0 wa,  0.0 hi,  0.0 si,  0.0 st
