%Cpu(s): 43.9 us, 21.2 sy,  0.0 ni,  7.6 id,  0.0 wa,  0.0 hi, 27.3 si,  0.0 st
%Cpu(s): 49.5 us, 18.4 sy,  0.0 ni,  2.9 id,  0.0 wa,  0.0 hi, 29.1 si,  0.0 st
%Cpu(s): 49.5 us, 16.3 sy,  0.0 ni,  2.0 id,  0.0 wa,  0.0 hi, 32.2 si,  0.0 st
%Cpu(s): 50.0 us, 16.8 sy,  0.0 ni,  2.0 id,  0.0 wa,  0.0 hi, 31.2 si,  0.0 st
%Cpu(s): 50.7 us, 15.3 sy,  0.0 ni,  2.5 id,  0.0 wa,  0.0 hi, 31.5 si,  0.0 st
%Cpu(s): 50.0 us, 16.3 sy,  0.0 ni,  2.5 id,  0.0 wa,  0.0 hi, 31.2 si,  0.0 st
%Cpu(s): 48.8 us, 15.1 sy,  0.0 ni,  2.0 id,  0.0 wa,  0.0 hi, 34.1 si,  0.0 st
%Cpu(s): 50.5 us, 16.7 sy,  0.0 ni,  1.5 id,  0.0 wa,  0.0 hi, 31.4 si,  0.0 st
%Cpu(s): 49.8 us, 15.3 sy,  0.0 ni,  3.0 id,  0.0 wa,  0.0 hi, 32.0 si,  0.0 st
%Cpu(s): 49.5 us, 17.6 sy,  0.0 ni,  2.0 id,  0.0 wa,  0.0 hi, 30.9 si,  0.0 st
%Cpu(s): 51.2 us, 16.3 sy,  0.0 ni,  3.0 id,  0.0 wa,  0.0 hi, 29.6 si,  0.0 st
%Cpu(s): 51.7 us, 16.3 sy,  0.0 ni,  2.5 id,  0.0 wa,  0.0 hi, 29.6 si,  0.0 st
%Cpu(s): 49.5 us, 15.7 sy,  0.0 ni,  2.9 id,  0.0 wa,  0.0 hi, 31.9 si,  0.0 st
%Cpu(s): 48.8 us, 18.4 sy,  0.0 ni,  3.5 id,  0.0 wa,  0.0 hi, 29.4 si,  0.0 st
%Cpu(s): 50.5 us, 16.8 sy,  0.0 ni,  3.0 id,  0.0 wa,  0.0 hi, 29.7 si,  0.0 st
%Cpu(s): 50.2 us, 17.2 sy,  0.0 ni,  3.0 id,  0.0 wa,  0.0 hi, 29.6 si,  0.0 st
%Cpu(s): 49.0 us, 16.8 sy,  0.0 ni,  4.5 id,  0.0 wa,  0.0 hi, 29.7 si,  0.0 st
%Cpu(s): 51.0 us, 13.9 sy,  0.0 ni,  5.0 id,  0.0 wa,  0.0 hi, 30.2 si,  0.0 st
%Cpu(s): 50.5 us, 16.2 sy,  0.0 ni,  2.5 id,  0.0 wa,  0.0 hi, 30.9 si,  0.0 st
%Cpu(s): 48.8 us, 15.8 sy,  0.0 ni,  3.9 id,  0.0 wa,  0.0 hi, 31.5 si,  0.0 st
%Cpu(s): 49.0 us, 19.5 sy,  0.0 ni,  3.5 id,  0.0 wa,  0.0 hi, 28.0 si,  0.0 st
%Cpu(s): 51.5 us, 16.3 sy,  0.0 ni,  2.5 id,  0.0 wa,  0.0 hi, 29.7 si,  0.0 st
%Cpu(s): 50.2 us, 16.7 sy,  0.0 ni,  2.5 id,  0.0 wa,  0.0 hi, 30.5 si,  0.0 st
%Cpu(s): 50.2 us, 16.7 sy,  0.0 ni,  2.0 id,  0.0 wa,  0.0 hi, 31.0 si,  0.0 st
%Cpu(s): 48.8 us, 18.5 sy,  0.0 ni,  3.4 id,  0.0 wa,  0.0 hi, 29.3 si,  0.0 st
%Cpu(s): 51.5 us, 14.5 sy,  0.0 ni,  4.5 id,  0.0 wa,  0.0 hi, 29.5 si,  0.0 st
%Cpu(s): 51.0 us, 15.8 sy,  0.0 ni,  2.5 id,  0.0 wa,  0.0 hi, 30.7 si,  0.0 st
%Cpu(s): 52.2 us, 15.9 sy,  0.0 ni,  2.5 id,  0.0 wa,  0.0 hi, 29.4 si,  0.0 st
%Cpu(s): 50.2 us, 16.9 sy,  0.0 ni,  2.5 id,  0.0 wa,  0.0 hi, 30.3 si,  0.0 st
%Cpu(s): 49.8 us, 16.1 sy,  0.0 ni,  3.4 id,  0.0 wa,  0.0 hi, 30.7 si,  0.0 st
%Cpu(s): 49.8 us, 16.4 sy,  0.0 ni,  2.0 id,  0.0 wa,  0.0 hi, 31.8 si,  0.0 st
%Cpu(s): 47.8 us, 16.3 sy,  0.0 ni,  3.0 id,  0.0 wa,  0.0 hi, 33.0 si,  0.0 st
%Cpu(s): 48.3 us, 16.3 sy,  0.0 ni,  2.5 id,  0.0 wa,  0.0 hi, 33.0 si,  0.0 st
%Cpu(s): 48.8 us, 19.4 sy,  0.0 ni,  4.0 id,  0.0 wa,  0.0 hi, 27.9 si,  0.0 st
%Cpu(s): 47.1 us, 18.6 sy,  0.0 ni,  2.9 id,  0.0 wa,  0.0 hi, 31.4 si,  0.0 st
%Cpu(s): 49.5 us, 15.8 sy,  0.0 ni,  3.5 id,  0.0 wa,  0.0 hi, 31.2 si,  0.0 st
%Cpu(s): 46.0 us, 15.8 sy,  0.0 ni,  3.0 id,  0.0 wa,  0.0 hi, 35.1 si,  0.0 st
%Cpu(s): 47.8 us, 17.2 sy,  0.0 ni,  2.5 id,  0.0 wa,  0.0 hi, 32.5 si,  0.0 st
%Cpu(s): 49.5 us, 17.2 sy,  0.0 ni,  2.0 id,  0.0 wa,  0.0 hi, 31.4 si,  0.0 st
%Cpu(s): 50.0 us, 16.3 sy,  0.0 ni,  3.0 id,  0.0 wa,  0.0 hi, 30.7 si,  0.0 st
%Cpu(s): 49.8 us, 16.7 sy,  0.0 ni,  3.9 id,  0.0 wa,  0.0 hi, 29.6 si,  0.0 st
%Cpu(s): 48.3 us, 17.1 sy,  0.0 ni,  2.0 id,  0.0 wa,  0.0 hi, 32.7 si,  0.0 st
%Cpu(s): 47.8 us, 15.8 sy,  0.0 ni,  2.5 id,  0.0 wa,  0.0 hi, 34.0 si,  0.0 st
%Cpu(s): 50.0 us, 16.8 sy,  0.0 ni,  2.0 id,  0.0 wa,  0.0 hi, 31.2 si,  0.0 st
%Cpu(s): 50.7 us, 14.8 sy,  0.0 ni,  3.4 id,  0.0 wa,  0.0 hi, 31.0 si,  0.0 st
%Cpu(s): 48.5 us, 17.2 sy,  0.0 ni,  2.5 id,  0.0 wa,  0.0 hi, 31.9 si,  0.0 st
%Cpu(s): 50.5 us, 16.0 sy,  0.0 ni,  2.0 id,  0.0 wa,  0.0 hi, 31.5 si,  0.0 st
%Cpu(s): 46.8 us, 16.7 sy,  0.0 ni,  3.4 id,  0.0 wa,  0.0 hi, 33.0 si,  0.0 st
%Cpu(s): 48.0 us, 17.8 sy,  0.0 ni,  2.5 id,  0.0 wa,  0.0 hi, 31.7 si,  0.0 st
%Cpu(s): 48.3 us, 17.7 sy,  0.0 ni,  2.5 id,  0.0 wa,  0.0 hi, 31.5 si,  0.0 st
%Cpu(s): 22.3 us,  6.9 sy,  0.0 ni, 59.4 id,  0.0 wa,  0.0 hi, 11.4 si,  0.0 st
%Cpu(s):  4.0 us,  0.5 sy,  0.0 ni, 95.5 id,  0.0 wa,  0.0 hi,  0.0 si,  0.0 st
%Cpu(s):  4.0 us,  2.0 sy,  0.0 ni, 94.0 id,  0.0 wa,  0.0 hi,  0.0 si,  0.0 st
%Cpu(s):  3.9 us,  1.0 sy,  0.0 ni, 95.1 id,  0.0 wa,  0.0 hi,  0.0 si,  0.0 st
%Cpu(s):  3.0 us,  0.5 sy,  0.0 ni, 96.5 id,  0.0 wa,  0.0 hi,  0.0 si,  0.0 st
%Cpu(s):  3.4 us,  0.5 sy,  0.0 ni, 96.1 id,  0.0 wa,  0.0 hi,  0.0 si,  0.0 st
%Cpu(s):  4.4 us,  0.5 sy,  0.0 ni, 94.6 id,  0.0 wa,  0.0 hi,  0.5 si,  0.0 st
%Cpu(s):  5.0 us,  0.5 sy,  0.0 ni, 94.6 id,  0.0 wa,  0.0 hi,  0.0 si,  0.0 st
%Cpu(s):  2.5 us,  0.5 sy,  0.0 ni, 97.0 id,  0.0 wa,  0.0 hi,  0.0 si,  0.0 st
%Cpu(s):  1.0 us,  1.0 sy,  0.0 ni, 98.0 id,  0.0 wa,  0.0 hi,  0.0 si,  0.0 st
%Cpu(s):  3.0 us,  3.5 sy,  0.0 ni, 93.1 id,  0.0 wa,  0.0 hi,  0.5 si,  0.0 st
%Cpu(s):  1.0 us,  0.5 sy,  0.0 ni, 98.5 id,  0.0 wa,  0.0 hi,  0.0 si,  0.0 st
%Cpu(s):  0.5 us,  0.5 sy,  0.0 ni, 99.0 id,  0.0 wa,  0.0 hi,  0.0 si,  0.0 st
%Cpu(s):  1.0 us,  0.5 sy,  0.0 ni, 98.5 id,  0.0 wa,  0.0 hi,  0.0 si,  0.0 st
