%Cpu(s): 68.7 us, 13.4 sy,  0.0 ni,  4.5 id,  0.0 wa,  0.0 hi, 13.4 si,  0.0 st
%Cpu(s): 68.0 us, 15.5 sy,  0.0 ni,  5.0 id,  0.0 wa,  0.0 hi, 11.5 si,  0.0 st
%Cpu(s): 67.8 us, 14.6 sy,  0.0 ni,  5.0 id,  0.0 wa,  0.0 hi, 12.6 si,  0.0 st
%Cpu(s): 66.8 us, 14.4 sy,  0.0 ni,  6.9 id,  0.0 wa,  0.0 hi, 11.9 si,  0.0 st
%Cpu(s): 66.5 us, 16.0 sy,  0.0 ni,  6.0 id,  0.0 wa,  0.0 hi, 11.5 si,  0.0 st
%Cpu(s): 67.8 us, 14.6 sy,  0.0 ni,  4.5 id,  0.0 wa,  0.0 hi, 13.1 si,  0.0 st
%Cpu(s): 67.0 us, 15.0 sy,  0.0 ni,  7.0 id,  0.0 wa,  0.0 hi, 11.0 si,  0.0 st
%Cpu(s): 64.8 us, 15.1 sy,  0.0 ni,  7.0 id,  0.0 wa,  0.0 hi, 13.1 si,  0.0 st
%Cpu(s): 66.2 us, 14.9 sy,  0.0 ni,  4.5 id,  0.0 wa,  0.0 hi, 14.4 si,  0.0 st
%Cpu(s): 68.0 us, 13.5 sy,  0.0 ni,  5.5 id,  0.0 wa,  0.0 hi, 13.0 si,  0.0 st
%Cpu(s): 65.2 us, 15.4 sy,  0.0 ni,  7.0 id,  0.0 wa,  0.0 hi, 12.4 si,  0.0 st
%Cpu(s): 66.3 us, 15.8 sy,  0.0 ni,  5.0 id,  0.0 wa,  0.0 hi, 12.9 si,  0.0 st
%Cpu(s): 66.7 us, 15.7 sy,  0.0 ni,  5.1 id,  0.0 wa,  0.0 hi, 12.6 si,  0.0 st
%Cpu(s): 67.0 us, 14.8 sy,  0.0 ni,  5.4 id,  0.0 wa,  0.0 hi, 12.8 si,  0.0 st
%Cpu(s): 65.3 us, 18.1 sy,  0.0 ni,  5.5 id,  0.0 wa,  0.0 hi, 11.1 si,  0.0 st
%Cpu(s): 65.7 us, 15.7 sy,  0.0 ni,  7.1 id,  0.0 wa,  0.0 hi, 11.6 si,  0.0 st
%Cpu(s): 68.2 us, 14.4 sy,  0.0 ni,  6.5 id,  0.0 wa,  0.0 hi, 10.9 si,  0.0 st
%Cpu(s): 67.5 us, 15.0 sy,  0.0 ni,  5.0 id,  0.0 wa,  0.0 hi, 12.5 si,  0.0 st
%Cpu(s): 68.0 us, 15.5 sy,  0.0 ni,  5.0 id,  0.0 wa,  0.0 hi, 11.5 si,  0.0 st
%Cpu(s): 65.7 us, 14.6 sy,  0.0 ni,  6.1 id,  0.0 wa,  0.0 hi, 13.6 si,  0.0 st
%Cpu(s): 67.0 us, 16.0 sy,  0.0 ni,  6.5 id,  0.0 wa,  0.0 hi, 10.5 si,  0.0 st
%Cpu(s): 65.7 us, 14.9 sy,  0.0 ni,  5.5 id,  0.0 wa,  0.0 hi, 13.9 si,  0.0 st
%Cpu(s): 64.7 us, 15.4 sy,  0.0 ni,  7.0 id,  0.0 wa,  0.0 hi, 12.9 si,  0.0 st
%Cpu(s): 68.5 us, 14.0 sy,  0.0 ni,  5.0 id,  0.0 wa,  0.0 hi, 12.5 si,  0.0 st
%Cpu(s): 66.8 us, 15.3 sy,  0.0 ni,  5.9 id,  0.0 wa,  0.0 hi, 11.9 si,  0.0 st
%Cpu(s): 66.3 us, 16.1 sy,  0.0 ni,  5.0 id,  0.0 wa,  0.0 hi, 12.6 si,  0.0 st
%Cpu(s): 66.2 us, 16.4 sy,  0.0 ni,  5.5 id,  0.0 wa,  0.0 hi, 11.9 si,  0.0 st
%Cpu(s): 66.2 us, 14.4 sy,  0.0 ni,  7.0 id,  0.0 wa,  0.0 hi, 12.4 si,  0.0 st
%Cpu(s): 67.7 us, 15.4 sy,  0.0 ni,  5.0 id,  0.0 wa,  0.0 hi, 11.9 si,  0.0 st
%Cpu(s): 68.4 us, 18.0 sy,  0.0 ni,  2.9 id,  0.0 wa,  0.0 hi, 10.7 si,  0.0 st
%Cpu(s): 68.0 us, 15.3 sy,  0.0 ni,  4.9 id,  0.0 wa,  0.0 hi, 11.8 si,  0.0 st
%Cpu(s): 67.5 us, 15.0 sy,  0.0 ni,  6.0 id,  0.0 wa,  0.0 hi, 11.5 si,  0.0 st
%Cpu(s): 67.8 us, 13.1 sy,  0.0 ni,  5.0 id,  0.0 wa,  0.0 hi, 14.1 si,  0.0 st
%Cpu(s): 68.8 us, 13.6 sy,  0.0 ni,  5.5 id,  0.0 wa,  0.0 hi, 12.1 si,  0.0 st
%Cpu(s): 67.2 us, 16.9 sy,  0.0 ni,  4.0 id,  0.0 wa,  0.0 hi, 11.9 si,  0.0 st
%Cpu(s): 67.5 us, 16.5 sy,  0.0 ni,  5.0 id,  0.0 wa,  0.0 hi, 11.0 si,  0.0 st
%Cpu(s): 68.5 us, 14.5 sy,  0.0 ni,  5.0 id,  0.0 wa,  0.0 hi, 12.0 si,  0.0 st
%Cpu(s): 68.7 us, 14.4 sy,  0.0 ni,  5.0 id,  0.0 wa,  0.0 hi, 11.9 si,  0.0 st
%Cpu(s): 67.3 us, 13.9 sy,  0.0 ni,  6.4 id,  0.0 wa,  0.0 hi, 12.4 si,  0.0 st
%Cpu(s): 66.2 us, 15.4 sy,  0.0 ni,  5.5 id,  0.0 wa,  0.0 hi, 12.9 si,  0.0 st
%Cpu(s): 67.2 us, 14.6 sy,  0.0 ni,  6.6 id,  0.0 wa,  0.0 hi, 11.6 si,  0.0 st
%Cpu(s): 66.7 us, 14.9 sy,  0.0 ni,  6.0 id,  0.0 wa,  0.0 hi, 12.4 si,  0.0 st
%Cpu(s): 66.3 us, 15.3 sy,  0.0 ni,  4.5 id,  0.0 wa,  0.0 hi, 13.9 si,  0.0 st
%Cpu(s): 68.0 us, 14.0 sy,  0.0 ni,  4.5 id,  0.0 wa,  0.0 hi, 13.5 si,  0.0 st
%Cpu(s): 67.3 us, 15.6 sy,  0.0 ni,  5.0 id,  0.0 wa,  0.0 hi, 12.1 si,  0.0 st
%Cpu(s): 67.5 us, 15.5 sy,  0.0 ni,  4.4 id,  0.0 wa,  0.0 hi, 12.6 si,  0.0 st
%Cpu(s): 67.5 us, 14.5 sy,  0.0 ni,  5.5 id,  0.0 wa,  0.0 hi, 12.5 si,  0.0 st
%Cpu(s): 66.0 us, 14.5 sy,  0.0 ni,  7.5 id,  0.0 wa,  0.0 hi, 12.0 si,  0.0 st
%Cpu(s): 67.7 us, 13.9 sy,  0.0 ni,  5.5 id,  0.0 wa,  0.0 hi, 12.9 si,  0.0 st
%Cpu(s): 40.0 us,  8.5 sy,  0.0 ni, 46.5 id,  0.0 wa,  0.0 hi,  5.0 si,  0.0 st
%Cpu(s):  1.0 us,  1.5 sy,  0.0 ni, 97.5 id,  0.0 wa,  0.0 hi,  0.0 si,  0.0 st
%Cpu(s):  3.0 us,  0.5 sy,  0.0 ni, 96.5 id,  0.0 wa,  0.0 hi,  0.0 si,  0.0 st
%Cpu(s):  1.0 us,  0.5 sy,  0.0 ni, 98.5 id,  0.0 wa,  0.0 hi,  0.0 si,  0.0 st
%Cpu(s):  1.5 us,  1.5 sy,  0.0 ni, 96.5 id,  0.0 wa,  0.0 hi,  0.5 si,  0.0 st
%Cpu(s):  3.5 us,  5.0 sy,  0.0 ni, 91.5 id,  0.0 wa,  0.0 hi,  0.0 si,  0.0 st
%Cpu(s):  3.0 us,  2.0 sy,  0.0 ni, 95.0 id,  0.0 wa,  0.0 hi,  0.0 si,  0.0 st
%Cpu(s):  0.5 us,  1.0 sy,  0.0 ni, 98.0 id,  0.0 wa,  0.0 hi,  0.5 si,  0.0 st
%Cpu(s):  1.5 us,  1.0 sy,  0.0 ni, 97.5 id,  0.0 wa,  0.0 hi,  0.0 si,  0.0 st
%Cpu(s):  2.0 us,  0.0 sy,  0.0 ni, 98.0 id,  0.0 wa,  0.0 hi,  0.0 si,  0.0 st
%Cpu(s):  4.5 us,  1.0 sy,  0.0 ni, 94.1 id,  0.5 wa,  0.0 hi,  0.0 si,  0.0 st
%Cpu(s):  5.0 us,  0.5 sy,  0.0 ni, 94.5 id,  0.0 wa,  0.0 hi,  0.0 si,  0.0 st
%Cpu(s):  4.0 us,  1.0 sy,  0.0 ni, 95.0 id,  0.0 wa,  0.0 hi,  0.0 si,  0.0 st
%Cpu(s):  5.4 us,  1.0 sy,  0.0 ni, 93.1 id,  0.0 wa,  0.0 hi,  0.5 si,  0.0 st
