%Cpu(s): 41.9 us, 31.1 sy,  0.0 ni,  0.0 id,  0.0 wa,  0.0 hi, 27.0 si,  0.0 st
%Cpu(s): 43.2 us, 31.6 sy,  0.0 ni,  0.0 id,  0.0 wa,  0.0 hi, 25.2 si,  0.0 st
%Cpu(s): 44.6 us, 29.4 sy,  0.0 ni,  0.5 id,  0.0 wa,  0.0 hi, 25.5 si,  0.0 st
%Cpu(s): 44.6 us, 30.4 sy,  0.0 ni,  0.0 id,  0.0 wa,  0.0 hi, 25.0 si,  0.0 st
%Cpu(s): 45.1 us, 31.9 sy,  0.0 ni,  0.5 id,  0.0 wa,  0.0 hi, 22.5 si,  0.0 st
%Cpu(s): 44.3 us, 28.6 sy,  0.0 ni,  1.0 id,  0.0 wa,  0.0 hi, 26.1 si,  0.0 st
%Cpu(s): 43.8 us, 30.5 sy,  0.0 ni,  1.0 id,  0.0 wa,  0.0 hi, 24.6 si,  0.0 st
%Cpu(s): 45.6 us, 29.9 sy,  0.0 ni,  0.0 id,  0.0 wa,  0.0 hi, 24.5 si,  0.0 st
%Cpu(s): 43.6 us, 27.9 sy,  0.0 ni,  2.0 id,  0.0 wa,  0.0 hi, 26.5 si,  0.0 st
%Cpu(s): 45.1 us, 28.9 sy,  0.0 ni,  0.0 id,  0.0 wa,  0.0 hi, 26.0 si,  0.0 st
%Cpu(s): 44.2 us, 27.7 sy,  0.0 ni,  0.5 id,  0.0 wa,  0.0 hi, 27.7 si,  0.0 st
%Cpu(s): 46.3 us, 27.1 sy,  0.0 ni,  0.0 id,  0.0 wa,  0.0 hi, 26.6 si,  0.0 st
%Cpu(s): 45.6 us, 27.5 sy,  0.0 ni,  2.5 id,  0.0 wa,  0.0 hi, 24.5 si,  0.0 st
%Cpu(s): 41.7 us, 30.6 sy,  0.0 ni,  2.4 id,  0.0 wa,  0.0 hi, 25.2 si,  0.0 st
%Cpu(s): 43.8 us, 30.8 sy,  0.0 ni,  2.4 id,  0.0 wa,  0.0 hi, 23.1 si,  0.0 st
%Cpu(s): 43.6 us, 29.2 sy,  0.0 ni,  3.5 id,  0.0 wa,  0.0 hi, 23.8 si,  0.0 st
%Cpu(s): 45.0 us, 30.2 sy,  0.0 ni,  0.5 id,  0.0 wa,  0.0 hi, 24.3 si,  0.0 st
%Cpu(s): 47.8 us, 28.3 sy,  0.0 ni,  1.0 id,  0.0 wa,  0.0 hi, 22.9 si,  0.0 st
%Cpu(s): 44.8 us, 29.1 sy,  0.0 ni,  1.5 id,  0.0 wa,  0.0 hi, 24.6 si,  0.0 st
%Cpu(s): 44.6 us, 30.4 sy,  0.0 ni,  2.5 id,  0.0 wa,  0.0 hi, 22.5 si,  0.0 st
%Cpu(s): 46.8 us, 28.8 sy,  0.0 ni,  0.0 id,  0.0 wa,  0.0 hi, 24.4 si,  0.0 st
%Cpu(s): 47.3 us, 31.3 sy,  0.0 ni,  1.5 id,  0.0 wa,  0.0 hi, 19.9 si,  0.0 st
%Cpu(s): 45.0 us, 27.2 sy,  0.0 ni,  3.0 id,  0.0 wa,  0.0 hi, 24.8 si,  0.0 st
%Cpu(s): 43.1 us, 28.2 sy,  0.0 ni,  2.0 id,  0.0 wa,  0.0 hi, 26.7 si,  0.0 st
%Cpu(s): 45.8 us, 30.5 sy,  0.0 ni,  0.5 id,  0.0 wa,  0.0 hi, 23.2 si,  0.0 st
%Cpu(s): 41.5 us, 31.7 sy,  0.0 ni,  0.5 id,  0.0 wa,  0.0 hi, 26.3 si,  0.0 st
%Cpu(s): 47.5 us, 27.9 sy,  0.0 ni,  0.5 id,  0.0 wa,  0.0 hi, 24.0 si,  0.0 st
%Cpu(s): 44.4 us, 31.2 sy,  0.0 ni,  0.5 id,  0.0 wa,  0.0 hi, 23.9 si,  0.0 st
%Cpu(s): 45.4 us, 32.7 sy,  0.0 ni,  0.0 id,  0.0 wa,  0.0 hi, 22.0 si,  0.0 st
%Cpu(s): 43.3 us, 32.5 sy,  0.0 ni,  0.5 id,  0.0 wa,  0.0 hi, 23.6 si,  0.0 st
%Cpu(s): 45.9 us, 29.8 sy,  0.0 ni,  0.0 id,  0.0 wa,  0.0 hi, 24.4 si,  0.0 st
%Cpu(s): 45.4 us, 29.3 sy,  0.0 ni,  0.0 id,  0.0 wa,  0.0 hi, 25.4 si,  0.0 st
%Cpu(s): 48.0 us, 28.9 sy,  0.0 ni,  0.0 id,  0.0 wa,  0.0 hi, 23.0 si,  0.0 st
%Cpu(s): 43.9 us, 29.8 sy,  0.0 ni,  0.5 id,  0.0 wa,  0.0 hi, 25.9 si,  0.0 st
%Cpu(s): 43.1 us, 29.9 sy,  0.0 ni,  0.5 id,  0.0 wa,  0.0 hi, 26.5 si,  0.0 st
%Cpu(s): 44.4 us, 29.8 sy,  0.0 ni,  0.5 id,  0.0 wa,  0.0 hi, 25.4 si,  0.0 st
%Cpu(s): 45.9 us, 28.8 sy,  0.0 ni,  0.5 id,  0.0 wa,  0.0 hi, 24.9 si,  0.0 st
%Cpu(s): 44.1 us, 29.2 sy,  0.0 ni,  0.0 id,  0.0 wa,  0.0 hi, 26.7 si,  0.0 st
%Cpu(s): 44.6 us, 29.4 sy,  0.0 ni,  0.0 id,  0.0 wa,  0.0 hi, 26.0 si,  0.0 st
%Cpu(s): 43.4 us, 30.7 sy,  0.0 ni,  0.5 id,  0.0 wa,  0.0 hi, 25.4 si,  0.0 st
%Cpu(s): 45.4 us, 28.5 sy,  0.0 ni,  0.0 id,  0.0 wa,  0.0 hi, 26.1 si,  0.0 st
%Cpu(s): 45.1 us, 29.4 sy,  0.0 ni,  0.0 id,  0.0 wa,  0.0 hi, 25.5 si,  0.0 st
%Cpu(s): 44.1 us, 30.4 sy,  0.0 ni,  0.5 id,  0.0 wa,  0.0 hi, 25.0 si,  0.0 st
%Cpu(s): 44.0 us, 28.2 sy,  0.0 ni,  1.0 id,  0.0 wa,  0.0 hi, 26.8 si,  0.0 st
%Cpu(s): 44.8 us, 31.5 sy,  0.0 ni,  2.5 id,  0.0 wa,  0.0 hi, 21.2 si,  0.0 st
%Cpu(s): 44.3 us, 27.1 sy,  0.0 ni,  3.0 id,  0.0 wa,  0.0 hi, 25.6 si,  0.0 st
%Cpu(s): 44.8 us, 29.6 sy,  0.0 ni,  1.5 id,  0.0 wa,  0.0 hi, 24.1 si,  0.0 st
%Cpu(s): 46.1 us, 28.4 sy,  0.0 ni,  0.5 id,  0.0 wa,  0.0 hi, 25.0 si,  0.0 st
%Cpu(s): 44.6 us, 28.4 sy,  0.0 ni,  3.4 id,  0.0 wa,  0.0 hi, 23.5 si,  0.0 st
%Cpu(s): 43.8 us, 27.9 sy,  0.0 ni,  3.0 id,  0.0 wa,  0.0 hi, 25.4 si,  0.0 st
%Cpu(s): 17.9 us, 10.4 sy,  0.0 ni, 63.2 id,  0.0 wa,  0.0 hi,  8.5 si,  0.0 st
%Cpu(s):  4.5 us,  1.0 sy,  0.0 ni, 94.0 id,  0.5 wa,  0.0 hi,  0.0 si,  0.0 st
%Cpu(s):  3.0 us,  0.5 sy,  0.0 ni, 96.5 id,  0.0 wa,  0.0 hi,  0.0 si,  0.0 st
%Cpu(s):  4.5 us,  0.5 sy,  0.0 ni, 95.0 id,  0.0 wa,  0.0 hi,  0.0 si,  0.0 st
%Cpu(s):  5.5 us,  1.0 sy,  0.0 ni, 93.5 id,  0.0 wa,  0.0 hi,  0.0 si,  0.0 st
%Cpu(s):  4.0 us,  0.5 sy,  0.0 ni, 95.0 id,  0.0 wa,  0.0 hi,  0.5 si,  0.0 st
%Cpu(s):  1.0 us,  1.0 sy,  0.0 ni, 98.0 id,  0.0 wa,  0.0 hi,  0.0 si,  0.0 st
%Cpu(s):  1.0 us,  0.5 sy,  0.0 ni, 98.5 id,  0.0 wa,  0.0 hi,  0.0 si,  0.0 st
%Cpu(s):  1.0 us,  0.5 sy,  0.0 ni, 98.5 id,  0.0 wa,  0.0 hi,  0.0 si,  0.0 st
%Cpu(s):  0.5 us,  1.0 sy,  0.0 ni, 98.5 id,  0.0 wa,  0.0 hi,  0.0 si,  0.0 st
%Cpu(s):  1.5 us,  1.0 sy,  0.0 ni, 97.5 id,  0.0 wa,  0.0 hi,  0.0 si,  0.0 st
%Cpu(s):  1.0 us,  0.5 sy,  0.0 ni, 98.5 id,  0.0 wa,  0.0 hi,  0.0 si,  0.0 st
%Cpu(s):  1.0 us,  1.0 sy,  0.0 ni, 98.0 id,  0.0 wa,  0.0 hi,  0.0 si,  0.0 st
