%Cpu(s): 69.4 us, 18.1 sy,  0.0 ni,  2.8 id,  0.0 wa,  0.0 hi,  9.7 si,  0.0 st
%Cpu(s): 71.7 us, 16.0 sy,  0.0 ni,  0.9 id,  0.0 wa,  0.0 hi, 11.3 si,  0.0 st
%Cpu(s): 72.5 us, 15.0 sy,  0.0 ni,  1.0 id,  0.0 wa,  0.0 hi, 11.6 si,  0.0 st
%Cpu(s): 72.9 us, 15.8 sy,  0.0 ni,  0.5 id,  0.0 wa,  0.0 hi, 10.8 si,  0.0 st
%Cpu(s): 70.1 us, 17.2 sy,  0.0 ni,  0.5 id,  0.0 wa,  0.0 hi, 12.3 si,  0.0 st
%Cpu(s): 71.2 us, 15.6 sy,  0.0 ni,  1.5 id,  0.0 wa,  0.0 hi, 11.7 si,  0.0 st
%Cpu(s): 73.0 us, 15.3 sy,  0.0 ni,  0.5 id,  0.0 wa,  0.0 hi, 11.2 si,  0.0 st
%Cpu(s): 70.3 us, 18.7 sy,  0.0 ni,  0.5 id,  0.0 wa,  0.0 hi, 10.5 si,  0.0 st
%Cpu(s): 71.4 us, 15.7 sy,  0.0 ni,  1.0 id,  0.0 wa,  0.0 hi, 11.9 si,  0.0 st
%Cpu(s): 70.6 us, 17.6 sy,  0.0 ni,  0.5 id,  0.0 wa,  0.0 hi, 11.3 si,  0.0 st
%Cpu(s): 70.6 us, 15.2 sy,  0.0 ni,  1.0 id,  0.0 wa,  0.0 hi, 13.2 si,  0.0 st
%Cpu(s): 72.1 us, 15.7 sy,  0.0 ni,  0.5 id,  0.0 wa,  0.0 hi, 11.8 si,  0.0 st
%Cpu(s): 72.7 us, 15.6 sy,  0.0 ni,  0.5 id,  0.0 wa,  0.0 hi, 11.2 si,  0.0 st
%Cpu(s): 69.2 us, 16.3 sy,  0.0 ni,  1.9 id,  0.0 wa,  0.0 hi, 12.5 si,  0.0 st
%Cpu(s): 73.2 us, 15.6 sy,  0.0 ni,  0.5 id,  0.0 wa,  0.0 hi, 10.7 si,  0.0 st
%Cpu(s): 71.2 us, 15.1 sy,  0.0 ni,  0.5 id,  0.0 wa,  0.0 hi, 13.2 si,  0.0 st
%Cpu(s): 72.0 us, 14.7 sy,  0.0 ni,  2.3 id,  0.0 wa,  0.0 hi, 11.0 si,  0.0 st
%Cpu(s): 70.9 us, 18.2 sy,  0.0 ni,  0.5 id,  0.0 wa,  0.0 hi, 10.3 si,  0.0 st
%Cpu(s): 71.4 us, 16.0 sy,  0.0 ni,  1.0 id,  0.0 wa,  0.0 hi, 11.7 si,  0.0 st
%Cpu(s): 72.1 us, 15.4 sy,  0.0 ni,  1.4 id,  0.0 wa,  0.0 hi, 11.1 si,  0.0 st
%Cpu(s): 72.5 us, 15.0 sy,  0.0 ni,  0.0 id,  0.0 wa,  0.0 hi, 12.6 si,  0.0 st
%Cpu(s): 73.7 us, 15.1 sy,  0.0 ni,  0.5 id,  0.0 wa,  0.0 hi, 10.7 si,  0.0 st
%Cpu(s): 70.7 us, 17.1 sy,  0.0 ni,  1.0 id,  0.0 wa,  0.0 hi, 11.2 si,  0.0 st
%Cpu(s): 73.7 us, 14.6 sy,  0.0 ni,  0.5 id,  0.0 wa,  0.0 hi, 11.2 si,  0.0 st
%Cpu(s): 73.5 us, 13.7 sy,  0.0 ni,  0.5 id,  0.0 wa,  0.0 hi, 12.3 si,  0.0 st
%Cpu(s): 72.1 us, 14.7 sy,  0.0 ni,  1.0 id,  0.0 wa,  0.0 hi, 12.3 si,  0.0 st
%Cpu(s): 72.5 us, 15.7 sy,  0.0 ni,  0.5 id,  0.0 wa,  0.0 hi, 11.3 si,  0.0 st
%Cpu(s): 73.3 us, 17.6 sy,  0.0 ni,  0.5 id,  0.0 wa,  0.0 hi,  8.6 si,  0.0 st
%Cpu(s): 73.9 us, 14.5 sy,  0.0 ni,  1.0 id,  0.0 wa,  0.0 hi, 10.6 si,  0.0 st
%Cpu(s): 72.9 us, 15.5 sy,  0.0 ni,  1.0 id,  0.0 wa,  0.0 hi, 10.6 si,  0.0 st
%Cpu(s): 68.9 us, 19.8 sy,  0.0 ni,  0.5 id,  0.0 wa,  0.0 hi, 10.8 si,  0.0 st
%Cpu(s): 72.5 us, 15.0 sy,  0.0 ni,  0.5 id,  0.0 wa,  0.0 hi, 12.1 si,  0.0 st
%Cpu(s): 71.7 us, 16.1 sy,  0.0 ni,  1.5 id,  0.0 wa,  0.0 hi, 10.7 si,  0.0 st
%Cpu(s): 71.8 us, 15.5 sy,  0.0 ni,  1.0 id,  0.0 wa,  0.0 hi, 11.7 si,  0.0 st
%Cpu(s): 72.5 us, 14.7 sy,  0.0 ni,  1.0 id,  0.0 wa,  0.0 hi, 11.8 si,  0.0 st
%Cpu(s): 71.8 us, 14.6 sy,  0.0 ni,  1.0 id,  0.0 wa,  0.0 hi, 12.6 si,  0.0 st
%Cpu(s): 69.4 us, 17.5 sy,  0.0 ni,  0.5 id,  0.0 wa,  0.0 hi, 12.6 si,  0.0 st
%Cpu(s): 71.7 us, 15.1 sy,  0.0 ni,  1.0 id,  0.0 wa,  0.0 hi, 12.2 si,  0.0 st
%Cpu(s): 72.0 us, 15.0 sy,  0.0 ni,  1.0 id,  0.0 wa,  0.0 hi, 12.1 si,  0.0 st
%Cpu(s): 72.9 us, 15.2 sy,  0.0 ni,  0.5 id,  0.0 wa,  0.0 hi, 11.4 si,  0.0 st
%Cpu(s): 73.7 us, 15.1 sy,  0.0 ni,  1.0 id,  0.0 wa,  0.0 hi, 10.2 si,  0.0 st
%Cpu(s): 71.8 us, 15.3 sy,  0.0 ni,  1.0 id,  0.0 wa,  0.0 hi, 11.9 si,  0.0 st
%Cpu(s): 72.2 us, 15.1 sy,  0.0 ni,  1.0 id,  0.0 wa,  0.0 hi, 11.7 si,  0.0 st
%Cpu(s): 70.8 us, 17.3 sy,  0.0 ni,  1.0 id,  0.0 wa,  0.0 hi, 10.9 si,  0.0 st
%Cpu(s): 70.2 us, 15.6 sy,  0.0 ni,  1.5 id,  0.0 wa,  0.0 hi, 12.7 si,  0.0 st
%Cpu(s): 72.3 us, 15.5 sy,  0.0 ni,  1.0 id,  0.0 wa,  0.0 hi, 11.2 si,  0.0 st
%Cpu(s): 72.2 us, 15.6 sy,  0.0 ni,  1.5 id,  0.0 wa,  0.0 hi, 10.7 si,  0.0 st
%Cpu(s): 71.7 us, 15.1 sy,  0.0 ni,  1.0 id,  0.0 wa,  0.0 hi, 12.2 si,  0.0 st
%Cpu(s): 70.7 us, 18.0 sy,  0.0 ni,  0.5 id,  0.0 wa,  0.0 hi, 10.7 si,  0.0 st
%Cpu(s): 72.1 us, 15.2 sy,  0.0 ni,  0.5 id,  0.0 wa,  0.0 hi, 12.3 si,  0.0 st
%Cpu(s): 33.5 us,  8.3 sy,  0.0 ni, 52.4 id,  0.0 wa,  0.0 hi,  5.8 si,  0.0 st
%Cpu(s):  4.5 us,  1.5 sy,  0.0 ni, 93.5 id,  0.0 wa,  0.0 hi,  0.5 si,  0.0 st
%Cpu(s):  7.0 us,  1.5 sy,  0.0 ni, 91.0 id,  0.0 wa,  0.0 hi,  0.5 si,  0.0 st
%Cpu(s):  4.5 us,  1.5 sy,  0.0 ni, 93.5 id,  0.0 wa,  0.0 hi,  0.5 si,  0.0 st
%Cpu(s):  4.5 us,  1.5 sy,  0.0 ni, 94.0 id,  0.0 wa,  0.0 hi,  0.0 si,  0.0 st
%Cpu(s):  5.0 us,  2.0 sy,  0.0 ni, 92.5 id,  0.0 wa,  0.0 hi,  0.5 si,  0.0 st
%Cpu(s):  4.5 us,  2.0 sy,  0.0 ni, 93.0 id,  0.0 wa,  0.0 hi,  0.5 si,  0.0 st
%Cpu(s):  4.0 us,  1.0 sy,  0.0 ni, 95.0 id,  0.0 wa,  0.0 hi,  0.0 si,  0.0 st
%Cpu(s):  4.5 us,  1.0 sy,  0.0 ni, 94.0 id,  0.0 wa,  0.0 hi,  0.5 si,  0.0 st
%Cpu(s):  7.5 us,  2.5 sy,  0.0 ni, 89.5 id,  0.0 wa,  0.0 hi,  0.5 si,  0.0 st
%Cpu(s):  4.0 us,  1.5 sy,  0.0 ni, 94.0 id,  0.0 wa,  0.0 hi,  0.5 si,  0.0 st
%Cpu(s):  4.0 us,  1.0 sy,  0.0 ni, 95.0 id,  0.0 wa,  0.0 hi,  0.0 si,  0.0 st
%Cpu(s):  1.5 us,  1.0 sy,  0.0 ni, 97.5 id,  0.0 wa,  0.0 hi,  0.0 si,  0.0 st
