%Cpu(s): 42.9 us, 30.0 sy,  0.0 ni,  0.0 id,  0.0 wa,  0.0 hi, 27.1 si,  0.0 st
%Cpu(s): 42.9 us, 30.2 sy,  0.0 ni,  1.0 id,  0.0 wa,  0.0 hi, 25.9 si,  0.0 st
%Cpu(s): 45.9 us, 28.5 sy,  0.0 ni,  0.5 id,  0.0 wa,  0.0 hi, 25.1 si,  0.0 st
%Cpu(s): 42.6 us, 30.4 sy,  0.0 ni,  2.0 id,  0.0 wa,  0.0 hi, 25.0 si,  0.0 st
%Cpu(s): 42.2 us, 30.6 sy,  0.0 ni,  2.9 id,  0.0 wa,  0.0 hi, 24.3 si,  0.0 st
%Cpu(s): 45.9 us, 29.3 sy,  0.0 ni,  1.0 id,  0.0 wa,  0.0 hi, 23.9 si,  0.0 st
%Cpu(s): 45.1 us, 27.9 sy,  0.0 ni,  1.5 id,  0.0 wa,  0.0 hi, 25.5 si,  0.0 st
%Cpu(s): 44.9 us, 29.0 sy,  0.0 ni,  1.0 id,  0.0 wa,  0.0 hi, 25.1 si,  0.0 st
%Cpu(s): 46.4 us, 29.2 sy,  0.0 ni,  1.4 id,  0.0 wa,  0.0 hi, 23.0 si,  0.0 st
%Cpu(s): 43.9 us, 30.7 sy,  0.0 ni,  1.0 id,  0.0 wa,  0.0 hi, 24.4 si,  0.0 st
%Cpu(s): 44.5 us, 28.7 sy,  0.0 ni,  1.4 id,  0.0 wa,  0.0 hi, 25.4 si,  0.0 st
%Cpu(s): 44.2 us, 31.6 sy,  0.0 ni,  0.5 id,  0.0 wa,  0.0 hi, 23.8 si,  0.0 st
%Cpu(s): 48.3 us, 27.5 sy,  0.0 ni,  0.0 id,  0.0 wa,  0.0 hi, 24.2 si,  0.0 st
%Cpu(s): 42.8 us, 30.3 sy,  0.0 ni,  0.5 id,  0.0 wa,  0.0 hi, 26.4 si,  0.0 st
%Cpu(s): 44.3 us, 28.6 sy,  0.0 ni,  3.0 id,  0.0 wa,  0.0 hi, 24.1 si,  0.0 st
%Cpu(s): 44.4 us, 29.3 sy,  0.0 ni,  1.0 id,  0.0 wa,  0.0 hi, 25.4 si,  0.0 st
%Cpu(s): 43.8 us, 31.2 sy,  0.0 ni,  0.0 id,  0.0 wa,  0.0 hi, 25.0 si,  0.0 st
%Cpu(s): 42.9 us, 29.5 sy,  0.0 ni,  0.5 id,  0.0 wa,  0.0 hi, 27.1 si,  0.0 st
%Cpu(s): 45.3 us, 31.6 sy,  0.0 ni,  0.5 id,  0.0 wa,  0.0 hi, 22.6 si,  0.0 st
%Cpu(s): 47.5 us, 30.4 sy,  0.0 ni,  0.5 id,  0.0 wa,  0.0 hi, 21.6 si,  0.0 st
%Cpu(s): 44.5 us, 30.6 sy,  0.0 ni,  0.5 id,  0.0 wa,  0.0 hi, 24.4 si,  0.0 st
%Cpu(s): 41.1 us, 31.9 sy,  0.0 ni,  0.5 id,  0.0 wa,  0.0 hi, 26.6 si,  0.0 st
%Cpu(s): 43.9 us, 29.7 sy,  0.0 ni,  0.0 id,  0.0 wa,  0.0 hi, 26.4 si,  0.0 st
%Cpu(s): 43.5 us, 31.4 sy,  0.0 ni,  0.0 id,  0.0 wa,  0.0 hi, 25.1 si,  0.0 st
%Cpu(s): 43.3 us, 31.0 sy,  0.0 ni,  0.5 id,  0.0 wa,  0.0 hi, 25.2 si,  0.0 st
%Cpu(s): 41.7 us, 30.1 sy,  0.0 ni,  0.0 id,  0.0 wa,  0.0 hi, 28.2 si,  0.0 st
%Cpu(s): 42.7 us, 29.6 sy,  0.0 ni,  0.9 id,  0.0 wa,  0.0 hi, 26.8 si,  0.0 st
%Cpu(s): 45.6 us, 30.1 sy,  0.0 ni,  0.0 id,  0.0 wa,  0.0 hi, 24.3 si,  0.0 st
%Cpu(s): 40.5 us, 31.9 sy,  0.0 ni,  1.0 id,  0.0 wa,  0.0 hi, 26.7 si,  0.0 st
%Cpu(s): 42.8 us, 29.8 sy,  0.0 ni,  0.5 id,  0.0 wa,  0.0 hi, 26.9 si,  0.0 st
%Cpu(s): 44.0 us, 31.0 sy,  0.0 ni,  0.9 id,  0.0 wa,  0.0 hi, 24.1 si,  0.0 st
%Cpu(s): 44.2 us, 31.6 sy,  0.0 ni,  0.5 id,  0.0 wa,  0.0 hi, 23.7 si,  0.0 st
%Cpu(s): 41.5 us, 32.2 sy,  0.0 ni,  1.5 id,  0.0 wa,  0.0 hi, 24.9 si,  0.0 st
%Cpu(s): 42.0 us, 30.7 sy,  0.0 ni,  0.5 id,  0.0 wa,  0.0 hi, 26.8 si,  0.0 st
%Cpu(s): 45.0 us, 32.5 sy,  0.0 ni,  0.5 id,  0.0 wa,  0.0 hi, 22.0 si,  0.0 st
%Cpu(s): 44.6 us, 29.4 sy,  0.0 ni,  1.0 id,  0.0 wa,  0.0 hi, 25.0 si,  0.0 st
%Cpu(s): 45.2 us, 28.4 sy,  0.0 ni,  2.4 id,  0.0 wa,  0.0 hi, 24.0 si,  0.0 st
%Cpu(s): 43.1 us, 29.9 sy,  0.0 ni,  0.5 id,  0.0 wa,  0.0 hi, 26.5 si,  0.0 st
%Cpu(s): 48.6 us, 30.2 sy,  0.0 ni,  0.9 id,  0.0 wa,  0.0 hi, 20.3 si,  0.0 st
%Cpu(s): 44.2 us, 31.1 sy,  0.0 ni,  2.4 id,  0.0 wa,  0.0 hi, 22.3 si,  0.0 st
%Cpu(s): 40.9 us, 29.3 sy,  0.0 ni,  3.8 id,  0.0 wa,  0.0 hi, 26.0 si,  0.0 st
%Cpu(s): 43.4 us, 27.8 sy,  0.0 ni,  2.9 id,  0.0 wa,  0.0 hi, 25.9 si,  0.0 st
%Cpu(s): 44.9 us, 29.8 sy,  0.0 ni,  2.0 id,  0.0 wa,  0.0 hi, 23.4 si,  0.0 st
%Cpu(s): 48.1 us, 27.9 sy,  0.0 ni,  0.5 id,  0.0 wa,  0.0 hi, 23.6 si,  0.0 st
%Cpu(s): 42.7 us, 30.6 sy,  0.0 ni,  1.9 id,  0.0 wa,  0.0 hi, 24.8 si,  0.0 st
%Cpu(s): 43.5 us, 30.6 sy,  0.0 ni,  0.0 id,  0.0 wa,  0.0 hi, 25.8 si,  0.0 st
%Cpu(s): 44.8 us, 30.0 sy,  0.0 ni,  0.5 id,  0.0 wa,  0.0 hi, 24.8 si,  0.0 st
%Cpu(s): 45.6 us, 29.6 sy,  0.0 ni,  0.0 id,  0.0 wa,  0.0 hi, 24.8 si,  0.0 st
%Cpu(s): 43.2 us, 29.6 sy,  0.0 ni,  0.5 id,  0.0 wa,  0.0 hi, 26.7 si,  0.0 st
%Cpu(s): 30.0 us, 25.1 sy,  0.0 ni, 32.5 id,  0.0 wa,  0.0 hi, 12.3 si,  0.0 st
%Cpu(s):  4.4 us,  2.5 sy,  0.0 ni, 93.1 id,  0.0 wa,  0.0 hi,  0.0 si,  0.0 st
%Cpu(s):  1.0 us,  1.0 sy,  0.0 ni, 98.0 id,  0.0 wa,  0.0 hi,  0.0 si,  0.0 st
%Cpu(s):  1.5 us,  1.5 sy,  0.0 ni, 96.6 id,  0.0 wa,  0.0 hi,  0.5 si,  0.0 st
%Cpu(s):  3.5 us,  0.5 sy,  0.0 ni, 96.0 id,  0.0 wa,  0.0 hi,  0.0 si,  0.0 st
%Cpu(s):  1.5 us,  1.5 sy,  0.0 ni, 96.6 id,  0.0 wa,  0.0 hi,  0.5 si,  0.0 st
%Cpu(s):  1.5 us,  0.5 sy,  0.0 ni, 98.0 id,  0.0 wa,  0.0 hi,  0.0 si,  0.0 st
%Cpu(s):  2.5 us,  1.5 sy,  0.0 ni, 96.0 id,  0.0 wa,  0.0 hi,  0.0 si,  0.0 st
%Cpu(s):  2.5 us,  1.5 sy,  0.0 ni, 95.6 id,  0.0 wa,  0.0 hi,  0.5 si,  0.0 st
%Cpu(s): 12.7 us,  7.1 sy,  0.0 ni, 79.7 id,  0.0 wa,  0.0 hi,  0.5 si,  0.0 st
%Cpu(s):  1.0 us,  0.5 sy,  0.0 ni, 98.5 id,  0.0 wa,  0.0 hi,  0.0 si,  0.0 st
%Cpu(s):  1.0 us,  0.5 sy,  0.0 ni, 98.0 id,  0.0 wa,  0.0 hi,  0.5 si,  0.0 st
%Cpu(s):  3.5 us,  1.5 sy,  0.0 ni, 95.0 id,  0.0 wa,  0.0 hi,  0.0 si,  0.0 st
%Cpu(s):  1.0 us,  1.0 sy,  0.0 ni, 98.0 id,  0.0 wa,  0.0 hi,  0.0 si,  0.0 st
