%Cpu(s): 44.6 us, 23.0 sy,  0.0 ni,  1.4 id,  0.0 wa,  0.0 hi, 31.1 si,  0.0 st
%Cpu(s): 46.3 us, 23.9 sy,  0.0 ni,  2.0 id,  0.0 wa,  0.0 hi, 27.9 si,  0.0 st
%Cpu(s): 47.3 us, 22.9 sy,  0.0 ni,  1.0 id,  0.0 wa,  0.0 hi, 28.8 si,  0.0 st
%Cpu(s): 45.5 us, 23.3 sy,  0.0 ni,  1.0 id,  0.0 wa,  0.0 hi, 30.2 si,  0.0 st
%Cpu(s): 47.3 us, 22.9 sy,  0.0 ni,  1.5 id,  0.0 wa,  0.0 hi, 28.3 si,  0.0 st
%Cpu(s): 45.5 us, 24.5 sy,  0.0 ni,  3.5 id,  0.0 wa,  0.0 hi, 26.5 si,  0.0 st
%Cpu(s): 47.8 us, 23.2 sy,  0.0 ni,  1.0 id,  0.0 wa,  0.0 hi, 28.1 si,  0.0 st
%Cpu(s): 46.8 us, 25.6 sy,  0.0 ni,  1.5 id,  0.0 wa,  0.0 hi, 26.1 si,  0.0 st
%Cpu(s): 47.8 us, 23.6 sy,  0.0 ni,  0.0 id,  0.0 wa,  0.0 hi, 28.6 si,  0.0 st
%Cpu(s): 46.6 us, 23.5 sy,  0.0 ni,  1.5 id,  0.0 wa,  0.0 hi, 28.4 si,  0.0 st
%Cpu(s): 48.8 us, 23.6 sy,  0.0 ni,  2.0 id,  0.0 wa,  0.0 hi, 25.6 si,  0.0 st
%Cpu(s): 45.8 us, 22.7 sy,  0.0 ni,  3.9 id,  0.0 wa,  0.0 hi, 27.6 si,  0.0 st
%Cpu(s): 47.0 us, 23.3 sy,  0.0 ni,  2.0 id,  0.0 wa,  0.0 hi, 27.7 si,  0.0 st
%Cpu(s): 49.5 us, 22.5 sy,  0.0 ni,  1.0 id,  0.0 wa,  0.0 hi, 27.0 si,  0.0 st
%Cpu(s): 46.0 us, 24.8 sy,  0.0 ni,  2.0 id,  0.0 wa,  0.0 hi, 27.2 si,  0.0 st
%Cpu(s): 45.3 us, 22.7 sy,  0.0 ni,  3.4 id,  0.0 wa,  0.0 hi, 28.6 si,  0.0 st
%Cpu(s): 45.8 us, 21.4 sy,  0.0 ni,  4.5 id,  0.0 wa,  0.0 hi, 28.4 si,  0.0 st
%Cpu(s): 45.8 us, 25.1 sy,  0.0 ni,  5.9 id,  0.0 wa,  0.0 hi, 23.2 si,  0.0 st
%Cpu(s): 44.8 us, 21.4 sy,  0.0 ni,  6.5 id,  0.0 wa,  0.0 hi, 27.4 si,  0.0 st
%Cpu(s): 48.5 us, 21.3 sy,  0.0 ni,  3.5 id,  0.0 wa,  0.0 hi, 26.7 si,  0.0 st
%Cpu(s): 48.5 us, 20.3 sy,  0.0 ni,  4.0 id,  0.0 wa,  0.0 hi, 27.2 si,  0.0 st
%Cpu(s): 45.0 us, 23.3 sy,  0.0 ni,  4.5 id,  0.0 wa,  0.0 hi, 27.2 si,  0.0 st
%Cpu(s): 43.7 us, 23.4 sy,  0.0 ni,  6.6 id,  0.0 wa,  0.0 hi, 26.4 si,  0.0 st
%Cpu(s): 46.6 us, 23.0 sy,  0.0 ni,  3.4 id,  0.0 wa,  0.0 hi, 27.0 si,  0.0 st
%Cpu(s): 44.8 us, 23.4 sy,  0.0 ni,  3.5 id,  0.0 wa,  0.0 hi, 28.4 si,  0.0 st
%Cpu(s): 47.0 us, 21.8 sy,  0.0 ni,  1.0 id,  0.0 wa,  0.0 hi, 30.2 si,  0.0 st
%Cpu(s): 46.6 us, 23.3 sy,  0.0 ni,  1.0 id,  0.0 wa,  0.0 hi, 29.1 si,  0.0 st
%Cpu(s): 48.3 us, 25.4 sy,  0.0 ni,  1.5 id,  0.0 wa,  0.0 hi, 24.9 si,  0.0 st
%Cpu(s): 46.3 us, 22.9 sy,  0.0 ni,  1.0 id,  0.0 wa,  0.0 hi, 29.8 si,  0.0 st
%Cpu(s): 45.1 us, 23.0 sy,  0.0 ni,  0.5 id,  0.0 wa,  0.0 hi, 31.4 si,  0.0 st
%Cpu(s): 46.8 us, 23.6 sy,  0.0 ni,  1.0 id,  0.0 wa,  0.0 hi, 28.6 si,  0.0 st
%Cpu(s): 45.1 us, 22.5 sy,  0.0 ni,  0.5 id,  0.0 wa,  0.0 hi, 31.9 si,  0.0 st
%Cpu(s): 48.0 us, 22.5 sy,  0.0 ni,  0.5 id,  0.0 wa,  0.0 hi, 28.9 si,  0.0 st
%Cpu(s): 46.8 us, 22.2 sy,  0.0 ni,  1.0 id,  0.0 wa,  0.0 hi, 30.0 si,  0.0 st
%Cpu(s): 46.8 us, 23.2 sy,  0.0 ni,  0.5 id,  0.0 wa,  0.0 hi, 29.6 si,  0.0 st
%Cpu(s): 47.8 us, 22.4 sy,  0.0 ni,  1.0 id,  0.0 wa,  0.0 hi, 28.8 si,  0.0 st
%Cpu(s): 45.6 us, 24.8 sy,  0.0 ni,  1.0 id,  0.0 wa,  0.0 hi, 28.6 si,  0.0 st
%Cpu(s): 47.1 us, 24.8 sy,  0.0 ni,  1.5 id,  0.0 wa,  0.0 hi, 26.7 si,  0.0 st
%Cpu(s): 48.0 us, 23.0 sy,  0.0 ni,  1.5 id,  0.0 wa,  0.0 hi, 27.5 si,  0.0 st
%Cpu(s): 48.3 us, 22.2 sy,  0.0 ni,  0.5 id,  0.0 wa,  0.0 hi, 29.1 si,  0.0 st
%Cpu(s): 45.3 us, 23.4 sy,  0.0 ni,  1.5 id,  0.0 wa,  0.0 hi, 29.9 si,  0.0 st
%Cpu(s): 45.5 us, 22.3 sy,  0.0 ni,  0.5 id,  0.0 wa,  0.0 hi, 31.8 si,  0.0 st
%Cpu(s): 46.8 us, 21.5 sy,  0.0 ni,  1.0 id,  0.0 wa,  0.0 hi, 30.7 si,  0.0 st
%Cpu(s): 47.1 us, 23.5 sy,  0.0 ni,  3.4 id,  0.0 wa,  0.0 hi, 26.0 si,  0.0 st
%Cpu(s): 43.2 us, 23.6 sy,  0.0 ni,  7.0 id,  0.0 wa,  0.0 hi, 26.1 si,  0.0 st
%Cpu(s): 43.1 us, 23.3 sy,  0.0 ni,  6.9 id,  0.0 wa,  0.0 hi, 26.7 si,  0.0 st
%Cpu(s): 45.3 us, 22.2 sy,  0.0 ni,  4.4 id,  0.0 wa,  0.0 hi, 28.1 si,  0.0 st
%Cpu(s): 46.6 us, 24.0 sy,  0.0 ni,  3.4 id,  0.0 wa,  0.0 hi, 26.0 si,  0.0 st
%Cpu(s): 47.5 us, 24.5 sy,  0.0 ni,  1.0 id,  0.0 wa,  0.0 hi, 27.0 si,  0.0 st
%Cpu(s): 47.8 us, 23.2 sy,  0.0 ni,  1.5 id,  0.0 wa,  0.0 hi, 27.6 si,  0.0 st
%Cpu(s): 10.9 us,  5.0 sy,  0.0 ni, 78.7 id,  0.0 wa,  0.0 hi,  5.4 si,  0.0 st
%Cpu(s):  3.5 us,  1.5 sy,  0.0 ni, 95.0 id,  0.0 wa,  0.0 hi,  0.0 si,  0.0 st
%Cpu(s):  3.5 us,  0.5 sy,  0.0 ni, 96.0 id,  0.0 wa,  0.0 hi,  0.0 si,  0.0 st
%Cpu(s):  4.5 us,  0.5 sy,  0.0 ni, 95.0 id,  0.0 wa,  0.0 hi,  0.0 si,  0.0 st
%Cpu(s):  4.0 us,  1.0 sy,  0.0 ni, 95.0 id,  0.0 wa,  0.0 hi,  0.0 si,  0.0 st
%Cpu(s):  1.0 us,  0.5 sy,  0.0 ni, 98.5 id,  0.0 wa,  0.0 hi,  0.0 si,  0.0 st
%Cpu(s):  6.0 us,  4.0 sy,  0.0 ni, 89.5 id,  0.0 wa,  0.0 hi,  0.5 si,  0.0 st
%Cpu(s):  1.0 us,  1.0 sy,  0.0 ni, 98.0 id,  0.0 wa,  0.0 hi,  0.0 si,  0.0 st
%Cpu(s):  0.5 us,  0.5 sy,  0.0 ni, 99.0 id,  0.0 wa,  0.0 hi,  0.0 si,  0.0 st
%Cpu(s):  1.0 us,  0.5 sy,  0.0 ni, 98.5 id,  0.0 wa,  0.0 hi,  0.0 si,  0.0 st
%Cpu(s):  2.0 us,  0.5 sy,  0.0 ni, 97.5 id,  0.0 wa,  0.0 hi,  0.0 si,  0.0 st
%Cpu(s):  0.5 us,  0.5 sy,  0.0 ni, 99.0 id,  0.0 wa,  0.0 hi,  0.0 si,  0.0 st
%Cpu(s):  1.0 us,  0.5 sy,  0.0 ni, 98.5 id,  0.0 wa,  0.0 hi,  0.0 si,  0.0 st
